7 110
7
4 31
7 103
5 68
2 106
4 23
4 88
2 78
5
4 3 1
4 4 1
3 6 1
2 7 1
5 5 1
53 85
57
4 56
33 2
41 62
47 66
5 45
23 26
8 56
28 42
10 27
19 71
4 47
27 23
18 63
46 79
11 5
39 47
38 69
9 9
2 7
3 52
48 16
4 29
27 10
4 11
52 51
32 80
47 19
27 32
46 49
33 5
41 20
40 19
22 74
25 77
2 16
40 48
47 4
3 15
24 28
29 42
12 33
31 55
35 18
52 3
30 79
26 64
4 71
50 5
48 42
27 45
33 31
48 55
23 18
22 45
25 5
18 75
44 68
20
19 31 2
30 51 5
7 37 6
38 15 6
11 38 2
19 2 2
3 50 3
17 35 2
21 49 2
13 48 2
45 30 4
8 34 4
43 15 6
46 43 5
16 7 5
16 49 5
3 13 6
9 14 1
32 50 2
11 3 3
194 193
100
96 99
59 64
86 138
154 48
92 69
47 55
173 2
35 139
123 136
168 24
135 128
109 163
69 51
57 173
188 85
170 90
81 67
130 18
188 73
174 104
135 103
60 122
33 21
139 88
68 132
82 168
38 103
193 72
149 50
128 118
154 97
154 109
149 125
131 145
25 91
160 141
146 165
143 123
136 28
57 68
24 30
35 136
90 165
85 64
61 81
30 97
101 39
55 4
92 89
14 5
187 8
22 169
67 135
105 3
126 98
71 152
17 31
105 129
41 67
98 145
194 88
128 120
54 110
68 103
16 96
65 117
121 152
173 130
69 85
139 26
7 172
71 155
193 13
151 91
152 72
153 68
160 16
182 65
82 62
122 30
175 153
185 106
65 84
41 32
103 24
152 7
78 132
134 151
33 178
2 93
57 61
123 97
78 64
159 5
9 159
14 112
174 76
178 44
164 131
138 13
100
60 160 24
187 180 24
89 30 17
147 192 23
139 152 6
4 187 23
63 141 22
41 74 23
21 145 22
168 177 1
145 159 17
103 56 18
152 169 16
100 123 7
80 105 24
161 80 22
158 81 17
17 26 7
25 17 9
61 183 10
7 142 22
123 71 22
83 19 21
159 64 18
95 167 23
140 57 5
64 137 9
78 52 12
94 42 6
80 27 2
6 60 8
132 46 4
37 104 21
146 33 21
130 122 8
131 165 12
41 148 16
164 81 15
145 93 21
45 16 16
134 64 11
176 61 7
118 108 9
165 118 14
90 29 21
79 115 15
36 143 18
60 117 23
17 32 12
37 52 24
80 40 12
36 98 19
185 10 22
29 133 9
49 177 11
148 113 5
13 35 7
125 59 23
158 88 16
31 92 7
20 74 13
112 13 5
106 106 16
72 2 2
100 7 5
51 53 6
180 192 24
69 189 1
77 92 20
183 155 8
16 100 4
74 41 7
140 83 22
51 89 4
71 165 1
81 119 14
156 33 18
79 27 20
52 50 9
160 72 10
156 148 1
99 5 20
185 104 23
178 148 22
152 39 11
170 95 4
102 153 3
125 160 5
72 191 12
60 146 21
4 175 24
64 123 19
179 45 14
19 100 3
114 193 3
6 72 6
164 11 24
117 124 18
126 175 6
190 98 8
173 190
56
99 119
8 70
55 80
15 123
118 116
99 182
130 46
167 131
91 32
131 177
45 62
77 17
49 146
109 149
69 40
32 129
57 161
68 151
15 66
154 34
14 77
63 118
123 177
151 58
8 108
115 142
113 43
162 110
24 34
139 184
16 112
9 128
85 14
74 60
98 83
148 61
163 69
101 37
81 47
85 141
55 186
110 157
126 9
123 26
20 6
94 50
64 85
139 114
81 168
168 137
69 158
66 160
68 181
123 162
165 45
162 176
76
58 68 15
53 163 5
66 36 3
170 134 13
171 139 9
146 99 18
171 27 3
156 173 6
81 95 6
11 163 2
118 64 3
173 34 6
44 62 4
105 138 15
45 129 2
90 103 1
169 88 3
65 156 5
12 108 17
119 33 1
89 165 17
131 88 19
3 123 20
51 139 17
152 105 19
90 135 15
80 129 2
135 41 18
42 29 11
34 159 3
102 66 3
104 101 3
43 117 4
85 18 7
73 100 4
32 81 2
151 129 19
83 17 12
170 100 3
120 2 6
24 12 7
108 133 16
138 136 10
171 76 20
135 110 14
95 31 12
135 4 4
10 46 13
119 85 12
68 86 10
45 170 8
116 47 10
72 23 14
46 170 15
2 8 13
16 117 2
44 18 16
110 139 5
108 97 19
117 85 8
80 69 16
34 152 9
119 126 8
8 128 19
10 85 21
173 169 19
171 166 16
137 72 3
8 66 21
147 65 5
50 28 8
59 138 16
160 67 6
144 121 16
33 118 15
152 3 16
126 83
50
103 59
23 52
2 47
41 39
24 61
55 7
122 32
73 17
70 67
38 44
19 32
83 49
14 9
27 52
42 60
65 33
55 37
24 29
29 9
27 15
92 11
4 22
8 62
7 3
103 38
25 5
37 76
20 16
93 20
32 18
72 18
106 66
22 71
73 69
51 26
2 80
59 5
45 4
53 39
64 61
120 54
9 44
62 64
4 45
51 25
114 34
4 64
59 29
36 58
120 57
59
46 60 4
11 22 4
11 15 8
80 17 10
51 75 9
37 8 1
6 83 10
79 67 3
9 48 2
83 60 3
91 6 9
110 50 1
50 50 9
38 35 8
68 15 10
105 24 1
101 80 5
114 6 8
17 69 7
39 16 4
76 82 5
18 58 8
55 52 2
66 6 8
83 48 1
35 7 10
73 22 7
98 53 4
72 36 2
14 83 5
83 50 10
66 55 1
66 46 2
102 32 10
94 15 10
84 11 1
109 12 10
111 2 3
55 56 5
16 22 1
118 5 5
32 82 8
107 37 6
31 45 6
8 56 7
123 49 2
85 77 6
33 18 1
112 13 2
37 42 3
36 39 4
33 35 8
111 50 6
57 65 10
37 48 3
34 80 2
101 67 5
41 60 4
78 42 7
169 104
57
135 64
3 22
139 79
19 92
3 98
128 74
146 52
37 8
37 6
119 30
47 57
67 48
38 22
85 74
77 87
31 99
147 62
151 24
92 37
92 95
95 42
82 75
152 3
163 74
103 4
128 88
144 67
105 12
84 94
106 16
152 102
23 77
165 36
17 93
72 65
73 36
26 79
132 64
43 78
55 75
27 83
29 85
57 25
39 14
39 79
155 14
45 24
41 82
141 32
129 74
55 28
121 45
134 67
126 101
11 96
40 3
9 74
84
50 28 5
56 11 6
113 16 1
16 77 3
82 71 4
114 69 9
134 93 2
102 13 4
92 73 2
108 35 13
113 3 12
7 20 2
125 38 4
154 102 6
3 65 3
21 54 2
43 62 10
60 65 2
125 41 5
70 70 4
11 72 12
54 24 3
122 35 9
151 101 7
148 46 8
83 55 9
139 58 12
82 83 1
9 30 5
17 102 4
14 39 1
82 6 10
17 73 6
83 7 2
23 94 8
142 84 1
100 84 5
109 64 9
55 14 9
106 64 5
58 94 2
56 83 13
110 16 10
161 95 5
88 92 10
159 97 6
62 16 2
148 47 9
55 48 10
129 25 3
46 9 1
77 24 7
111 79 13
2 37 8
57 23 4
43 76 7
95 22 11
125 33 4
13 44 12
70 27 1
29 62 5
109 94 7
122 58 5
30 32 12
168 81 8
7 32 8
91 32 2
140 93 1
89 14 12
147 32 12
93 101 6
58 91 13
141 85 5
76 72 11
68 35 5
99 35 10
135 71 1
69 81 8
141 50 11
138 36 5
112 32 2
121 42 5
49 82 9
136 42 12
128 108
100
100 64
59 3
99 47
6 41
121 14
5 80
64 90
63 81
118 45
7 64
55 21
5 97
16 5
59 102
32 18
80 35
98 52
4 22
90 75
82 74
47 20
11 77
5 99
94 102
28 103
63 105
104 13
120 55
68 20
115 67
123 22
124 13
56 20
19 51
10 84
117 19
57 5
13 83
114 45
123 41
16 80
62 7
21 56
82 66
4 11
39 86
78 68
8 97
100 48
13 72
39 20
73 93
81 13
109 16
18 7
82 27
121 100
110 59
82 71
36 82
128 42
126 35
44 69
54 67
28 8
47 71
53 9
115 101
25 25
51 5
41 4
73 59
55 2
4 82
51 7
74 83
45 83
68 9
56 90
64 69
110 37
99 100
35 48
101 16
6 90
105 62
77 55
51 105
22 105
80 87
20 95
93 58
105 22
22 76
123 58
94 36
68 10
86 22
5 91
54 79
100
59 93 12
33 56 11
70 99 10
92 82 5
105 57 10
109 15 6
81 21 12
23 24 11
87 46 10
12 73 2
84 71 5
88 57 7
89 9 13
97 56 2
66 45 4
3 59 10
100 106 5
38 31 13
54 61 7
69 13 4
104 82 5
17 89 1
84 91 8
45 77 2
44 79 12
17 5 9
125 67 1
118 103 12
30 81 8
126 95 12
29 6 7
30 37 3
98 42 8
14 100 10
92 2 10
125 66 9
99 6 9
29 92 5
120 13 8
26 105 8
59 80 10
36 21 12
32 16 8
8 10 5
102 21 3
53 61 9
2 95 6
58 38 6
99 64 2
115 40 12
55 32 6
117 6 12
91 57 1
29 58 10
56 67 4
115 3 4
120 91 10
87 58 11
86 51 12
83 54 7
36 57 13
44 100 11
38 96 1
49 72 11
98 55 13
45 22 10
64 30 3
26 97 2
97 78 7
49 69 1
79 7 8
57 90 11
126 105 3
80 100 3
125 46 9
100 75 4
15 78 1
56 78 6
36 86 11
106 86 8
41 33 6
21 7 9
94 51 6
59 24 10
34 35 6
117 34 12
21 106 7
33 76 2
26 39 11
102 86 9
127 51 6
23 15 9
97 13 3
119 85 11
17 73 8
19 105 8
111 20 9
45 68 12
46 50 3
13 41 10
128 188
100
100 160
42 47
2 165
102 174
49 114
86 125
4 117
90 151
40 146
86 128
2 59
11 12
39 160
86 186
42 54
52 87
123 173
108 107
126 30
110 23
121 78
8 172
128 184
50 142
37 63
8 136
91 77
6 22
124 181
110 151
77 158
52 138
110 156
64 171
34 60
59 128
87 27
102 70
73 170
79 104
63 87
87 83
33 55
127 41
26 185
62 86
71 75
119 16
62 146
84 87
24 151
111 142
109 159
86 58
78 134
33 149
122 40
29 47
69 116
119 87
40 56
74 59
71 19
86 144
126 140
33 19
24 153
115 91
109 90
128 117
10 171
98 75
111 54
113 119
65 149
65 152
87 19
95 107
12 50
110 50
61 59
102 144
96 34
119 187
15 4
86 111
122 179
27 34
51 23
57 145
25 33
111 21
103 130
19 22
89 135
39 113
31 115
44 62
56 44
115 95
100
98 74 15
84 104 3
27 126 14
22 78 14
123 23 12
3 15 2
55 52 13
66 99 1
70 107 11
11 35 3
51 126 14
66 35 3
105 29 8
42 91 16
103 43 15
59 101 6
17 62 14
108 31 9
40 77 12
3 63 6
28 90 3
56 115 12
109 49 10
28 20 4
39 95 6
97 100 5
33 74 1
21 70 5
48 13 7
61 106 7
38 113 14
81 51 10
36 126 7
43 13 12
63 23 9
57 9 1
94 75 2
117 12 10
96 51 3
62 37 13
61 6 9
65 41 6
15 28 4
49 100 2
56 80 3
41 4 14
67 5 3
92 53 3
97 88 6
86 72 2
43 75 6
105 83 16
8 58 2
72 54 3
28 115 12
114 106 10
106 69 14
115 17 15
117 87 9
72 25 9
23 19 2
110 4 12
101 104 9
17 104 4
90 51 7
114 113 14
67 7 4
73 9 15
77 102 5
39 117 5
77 62 10
110 31 2
92 38 2
27 60 11
46 68 3
30 51 13
115 54 14
52 43 5
43 41 3
58 18 1
48 78 1
122 43 15
41 35 5
127 106 9
53 18 11
7 116 4
62 63 6
85 57 12
22 72 12
96 7 16
27 24 4
24 77 1
97 87 2
8 89 10
25 90 7
13 83 1
28 116 3
58 102 12
104 76 16
54 40 3
27 176
62
24 51
12 125
25 120
16 122
4 27
7 29
11 140
9 144
5 88
18 116
6 145
14 15
26 116
27 9
5 122
27 11
14 90
3 76
22 46
25 48
4 172
13 158
13 118
2 126
4 35
22 121
5 141
15 28
24 55
5 94
27 30
20 122
8 81
16 110
14 172
9 162
6 26
5 42
24 60
12 11
9 4
17 7
9 105
9 22
3 98
8 90
14 155
13 156
4 120
19 14
14 46
22 118
7 173
21 106
8 54
15 48
11 157
11 52
24 65
13 154
8 133
12 141
69
9 13 2
22 14 3
23 15 3
22 3 2
8 21 3
7 14 3
9 12 2
17 15 2
7 23 1
3 21 3
25 9 1
6 5 2
20 7 3
14 25 3
15 14 1
10 4 2
10 5 1
23 14 3
26 17 3
24 2 3
21 25 2
23 8 2
19 8 2
21 2 3
17 16 3
5 9 3
7 15 3
22 25 3
6 6 1
23 6 1
11 2 3
6 27 1
19 20 3
21 15 1
14 6 2
8 19 3
27 19 1
13 9 2
17 18 1
17 27 3
27 24 3
25 2 1
8 2 1
24 6 1
25 6 2
5 18 1
19 5 2
22 10 2
10 24 2
3 9 2
10 3 3
12 16 3
24 17 3
9 19 1
23 27 3
8 22 2
4 22 1
5 12 2
9 21 3
11 24 3
8 20 3
24 5 1
4 26 2
12 9 2
18 18 2
2 7 1
2 23 1
7 9 2
5 4 3
6 94
1
2 70
0
34 22
3
6 16
4 4
14 7
0
138 21
34
50 9
127 8
111 12
18 15
12 11
12 13
50 6
10 7
21 21
124 9
52 16
111 15
21 6
45 13
113 8
69 5
73 11
10 16
117 17
116 8
120 16
133 9
133 7
56 4
94 3
83 12
2 9
100 7
35 8
89 20
52 21
128 11
99 4
62 8
2
75 6 1
70 21 1
38 15
5
30 2
3 14
21 9
24 14
38 10
0
6 118
9
4 79
6 50
2 74
5 11
3 38
2 25
5 83
4 111
5 93
4
2 5 1
3 3 1
2 4 1
4 5 1
198 51
100
113 23
33 34
156 21
28 27
84 13
167 45
138 40
58 41
36 26
66 39
126 21
101 25
10 26
175 15
87 33
84 14
59 47
192 41
104 19
132 2
67 2
160 28
93 48
146 40
142 34
156 44
30 4
146 44
85 25
183 47
88 44
102 23
108 8
3 14
69 32
121 26
62 46
59 29
58 7
160 7
101 18
40 41
147 32
156 28
59 43
140 43
142 17
49 29
52 6
167 17
119 4
122 29
178 28
47 16
196 22
151 46
156 32
181 20
157 31
122 28
125 27
88 39
124 26
17 19
195 46
2 7
104 47
126 6
55 29
18 13
110 18
158 17
81 4
161 23
157 22
62 4
7 32
47 11
107 14
171 22
18 11
113 8
103 32
38 35
124 9
14 4
69 24
74 49
126 15
100 38
195 14
37 48
153 49
195 49
162 9
133 36
146 42
131 45
64 18
75 25
4
196 31 5
56 10 4
23 49 3
37 38 3
29 102
27
7 59
10 16
22 75
15 4
28 39
10 56
2 31
14 37
5 80
14 64
14 79
16 76
21 31
18 62
6 85
23 100
11 8
2 47
28 71
15 87
23 92
18 36
7 63
16 5
19 79
11 85
11 80
23
25 7 2
24 7 1
2 24 1
21 27 3
11 21 2
4 23 2
10 5 1
13 10 2
5 11 3
24 19 3
6 16 2
8 2 2
22 20 2
25 14 3
28 18 1
20 24 3
24 8 1
5 19 2
27 11 3
29 21 3
23 28 1
24 26 3
10 23 2
178 69
100
19 63
53 43
67 27
29 66
156 23
13 60
174 43
39 43
18 56
59 19
81 13
112 37
173 15
103 36
79 65
3 43
139 10
150 28
18 28
166 55
140 21
148 41
92 28
19 39
97 18
55 21
139 9
132 20
167 20
121 12
114 5
57 34
53 24
32 21
154 24
100 41
33 43
73 25
102 65
24 5
142 65
67 20
156 11
87 60
61 13
5 6
152 41
45 39
114 47
14 27
21 35
132 45
164 21
174 51
31 15
102 40
137 30
62 3
110 69
4 57
159 30
178 54
154 59
22 24
155 36
141 32
34 69
147 6
147 58
74 15
149 34
69 65
98 61
140 26
71 41
28 44
4 31
42 64
13 61
114 24
47 35
142 3
94 66
17 32
27 24
60 2
153 21
121 10
77 46
38 45
44 24
111 40
33 47
13 25
69 48
146 64
132 63
118 29
61 65
128 56
61
68 66 5
44 5 2
81 2 6
44 12 7
54 3 7
86 67 7
15 63 6
43 25 2
79 36 8
166 16 7
67 44 8
91 21 4
29 54 6
158 17 3
13 13 1
152 48 6
61 31 1
61 44 8
23 54 4
11 25 1
178 9 5
12 7 2
49 13 8
169 26 7
2 30 5
25 37 3
4 53 4
146 51 4
141 12 1
175 17 8
138 69 2
39 63 5
39 28 7
41 33 2
72 53 3
172 39 2
66 3 8
33 44 3
153 2 6
59 37 7
94 42 4
150 33 3
172 29 8
18 4 3
116 50 7
131 28 6
131 52 8
17 60 5
62 31 1
113 60 4
95 55 7
101 57 7
123 65 2
163 65 7
141 46 5
115 19 3
50 35 1
76 19 4
18 2 4
143 24 5
137 23 5
40 120
64
14 66
4 38
16 52
26 74
21 77
14 102
31 3
14 78
2 35
24 15
16 101
33 16
13 31
29 38
38 76
27 60
22 113
5 111
19 26
25 84
33 94
36 11
37 65
13 101
19 89
36 112
32 71
29 37
3 70
4 79
25 41
40 58
5 31
38 52
2 99
15 8
28 23
33 118
40 26
24 84
25 69
35 30
10 11
10 35
11 31
27 68
23 44
39 120
9 37
10 96
26 78
22 110
17 3
26 71
9 93
24 70
35 8
4 98
27 34
23 108
27 48
30 33
39 42
10 86
38
21 11 2
21 18 4
31 2 3
27 14 1
25 28 2
3 21 5
9 9 1
7 26 5
39 7 2
5 8 2
30 12 5
16 10 2
2 5 5
11 34 3
36 22 3
4 22 2
28 25 4
5 37 2
37 8 4
28 15 3
30 2 5
14 12 3
24 12 3
6 7 5
40 24 1
30 30 4
4 18 5
4 21 3
36 19 3
30 5 5
38 31 2
18 27 4
33 39 3
12 12 1
7 40 4
32 33 5
25 33 3
9 32 4
88 53
60
5 4
47 27
86 52
87 39
79 28
3 33
29 3
45 40
38 30
80 53
8 4
17 28
35 15
71 27
39 2
24 39
77 47
83 26
80 51
74 53
33 52
63 47
25 22
38 45
39 22
6 39
15 18
41 51
32 49
58 45
71 42
50 3
21 26
85 50
74 27
15 2
62 15
77 36
12 13
74 21
63 34
34 49
61 47
51 32
78 45
21 28
81 2
30 24
76 25
30 43
24 4
8 5
47 24
57 49
75 33
40 4
45 8
7 37
8 17
31 33
6
55 24 4
9 28 6
52 28 1
67 20 5
41 37 1
23 11 6
10 80
7
8 55
10 23
10 56
3 70
5 38
9 19
10 32
3
9 7 1
8 8 1
9 9 1
75 117
70
51 23
6 72
37 107
29 5
65 20
55 46
11 83
36 73
51 102
61 108
71 35
55 7
9 101
17 64
48 115
54 107
23 60
16 64
58 78
16 21
30 25
67 84
2 98
56 69
15 79
46 43
43 97
66 73
61 37
38 58
42 66
59 6
73 64
11 99
9 45
45 106
29 52
16 40
26 99
16 39
35 67
39 14
65 95
19 3
39 25
66 18
4 88
16 87
12 115
51 115
10 61
32 49
35 65
51 42
50 35
34 89
17 104
12 13
75 50
65 7
27 28
74 48
48 9
53 31
18 98
56 47
57 65
6 64
4 67
13 106
100
42 27 9
27 69 8
46 57 8
17 12 3
52 40 1
34 66 7
20 3 1
11 35 8
68 42 4
9 31 1
49 10 1
22 63 4
25 48 1
50 68 8
44 44 3
56 31 2
73 13 1
38 5 9
43 12 8
46 14 3
48 75 2
22 45 4
58 40 3
48 26 6
59 43 7
56 44 6
7 68 3
31 18 5
45 14 5
51 54 3
45 25 7
47 37 6
68 24 4
39 57 9
12 2 4
72 65 3
60 53 3
72 12 2
34 10 7
46 32 8
63 39 3
23 58 7
62 16 2
30 20 4
8 12 2
51 20 3
11 75 2
4 57 8
58 43 5
38 52 8
7 53 4
38 61 3
40 71 8
65 27 9
40 35 4
46 58 5
48 60 3
54 73 6
7 10 4
64 41 3
16 52 6
71 4 4
3 47 6
18 55 6
38 11 8
44 75 7
63 37 3
65 62 2
45 42 9
28 10 8
35 2 9
69 20 7
26 50 5
9 3 6
52 42 2
35 35 6
62 5 3
43 35 9
39 60 3
58 72 7
9 62 1
36 7 9
67 11 6
21 12 7
28 61 1
21 48 1
36 28 8
15 60 9
28 74 6
6 75 3
67 71 2
43 39 5
52 22 6
53 4 7
13 55 1
52 6 7
40 75 8
51 41 9
67 33 3
40 73 5
154 52
12
132 26
39 35
53 29
91 46
62 20
31 2
70 25
18 32
8 43
91 25
5 48
94 17
8
22 8 3
72 13 1
58 44 1
89 27 3
68 49 6
101 42 4
36 51 3
104 45 4
72 149
100
70 2
51 112
5 94
15 144
37 142
28 79
3 131
23 57
57 60
18 85
63 37
22 24
67 72
54 83
15 126
21 105
39 41
47 146
10 121
58 131
13 21
5 83
49 47
11 82
69 30
63 116
20 79
63 144
72 98
25 69
24 127
28 20
27 97
22 75
18 33
64 130
59 66
51 56
30 91
61 145
13 13
12 57
67 59
59 119
34 55
26 79
7 24
19 85
52 33
3 83
35 143
49 20
57 113
9 18
59 86
4 33
18 104
53 146
29 100
2 111
37 115
13 115
58 55
28 55
32 149
18 14
59 61
18 95
45 138
49 5
30 41
9 64
14 128
53 69
7 127
12 38
69 57
44 127
14 114
10 12
12 85
30 108
46 26
27 21
70 110
57 37
48 26
24 20
11 43
33 31
28 11
54 89
24 65
48 84
29 41
5 122
8 126
2 60
18 43
17 59
61
48 31 2
64 13 6
18 46 1
56 47 6
64 60 7
71 10 8
8 37 9
4 59 9
15 22 3
36 55 3
64 18 6
66 15 7
3 64 3
58 65 2
42 10 2
27 47 7
2 61 7
51 53 2
30 62 5
33 52 7
37 63 7
44 34 5
58 29 7
3 16 8
50 64 5
40 14 2
38 3 6
23 30 5
15 19 8
23 3 9
37 34 9
11 57 2
66 25 9
18 45 9
14 66 6
59 68 1
53 72 7
11 38 1
30 40 5
46 61 8
72 10 6
5 59 3
24 33 3
20 49 3
38 57 7
60 13 2
5 61 6
4 48 4
55 14 8
51 23 1
21 6 3
31 34 1
8 59 6
26 31 4
7 44 9
35 8 6
28 51 8
39 19 1
31 14 6
25 19 6
69 66 7
124 23
18
94 3
26 4
124 22
24 22
83 2
74 23
18 6
67 20
44 14
64 16
9 14
42 15
76 23
69 4
117 2
57 13
27 15
108 9
3
52 8 2
104 2 2
16 10 2
177 148
100
43 24
147 54
72 38
139 45
130 74
34 88
151 61
132 124
118 135
49 59
167 82
51 54
41 16
126 52
76 56
8 5
145 102
155 14
127 19
73 35
151 139
64 74
137 138
30 120
136 2
166 35
140 50
163 145
39 88
45 68
91 87
26 15
73 86
134 43
45 119
86 26
72 59
74 146
157 16
81 113
49 38
17 43
141 60
167 140
21 18
156 88
158 67
137 112
92 124
12 94
73 38
139 85
77 146
40 87
122 113
102 102
87 114
172 100
16 57
167 80
44 31
68 125
159 31
46 95
48 41
117 23
77 130
80 92
94 82
52 18
56 72
133 63
83 26
92 107
78 70
122 45
82 45
157 17
20 46
16 33
14 95
135 132
80 85
12 142
83 141
83 32
31 139
69 37
14 24
171 97
128 22
169 92
48 74
30 113
167 125
72 24
175 61
157 2
42 59
151 13
100
163 111 5
133 114 10
40 133 16
132 132 12
56 14 7
111 53 11
31 18 13
23 72 1
61 113 18
109 147 5
139 24 15
114 52 17
97 91 10
149 144 14
100 143 4
144 85 11
6 105 13
131 76 14
123 32 2
14 126 9
79 137 3
109 113 16
59 49 17
156 148 12
26 28 6
50 16 5
13 130 18
9 137 6
129 55 1
171 25 1
125 63 18
112 81 9
66 13 7
83 137 9
75 120 7
5 103 9
28 24 17
126 141 3
156 33 5
37 40 4
41 125 13
107 95 18
78 63 11
101 69 12
160 115 3
9 99 17
57 79 13
89 34 10
52 35 10
171 64 6
33 129 4
174 148 14
147 95 17
157 59 13
52 43 7
42 32 16
32 53 3
86 88 8
156 20 4
97 42 16
71 65 18
16 30 9
89 2 5
66 86 1
170 90 13
152 137 18
132 141 17
3 147 5
14 26 2
132 111 17
100 125 15
56 25 6
133 73 15
171 78 3
151 141 14
9 9 10
139 10 4
112 105 17
23 123 7
111 6 16
111 36 9
67 112 10
126 29 17
43 77 12
92 102 10
121 36 3
146 138 6
55 19 11
77 126 16
70 28 13
139 73 9
33 130 1
65 53 12
149 92 6
62 75 14
138 144 15
99 43 17
176 122 11
37 95 10
33 9 7
96 154
100
32 88
66 60
69 132
69 59
82 23
49 94
28 114
12 23
71 35
28 96
38 91
41 45
21 96
86 35
8 117
3 111
72 73
24 111
86 40
86 99
70 62
44 37
76 102
80 131
45 10
77 151
23 114
92 133
92 96
83 36
61 142
69 65
52 81
65 24
60 40
53 96
96 33
32 2
76 40
58 130
69 112
37 29
13 42
37 11
82 2
46 115
10 52
37 127
72 78
21 82
36 145
85 68
22 31
84 138
79 92
96 71
70 15
61 110
4 13
54 103
23 118
46 98
12 22
66 55
94 139
82 46
54 9
64 28
65 36
59 99
56 108
84 134
37 118
79 47
77 112
79 145
7 17
29 2
14 115
55 117
36 139
38 24
64 66
70 122
83 30
93 9
53 139
22 114
11 83
26 69
50 133
66 77
62 121
17 62
87 35
23 46
55 144
39 84
21 10
29 35
100
81 32 12
83 65 2
69 74 2
82 54 10
6 62 1
96 68 6
12 9 4
25 58 9
63 60 10
81 64 10
47 46 11
94 48 4
92 92 4
11 63 4
40 57 9
90 23 3
37 75 12
5 2 4
56 69 5
48 90 8
36 51 10
89 80 9
18 25 12
29 18 2
77 24 2
35 84 7
86 11 1
45 55 4
4 6 3
10 76 8
33 6 3
24 39 2
96 6 5
19 39 7
41 9 7
74 45 3
74 67 2
56 79 10
31 73 2
68 27 2
72 64 6
93 65 7
51 26 9
19 34 5
68 25 4
72 19 11
22 91 4
19 91 10
46 64 3
53 64 8
16 79 8
61 78 6
53 57 5
68 9 3
64 20 1
21 71 3
61 63 7
61 76 4
90 72 11
87 48 9
35 3 2
87 91 9
16 18 3
89 86 9
9 96 9
53 95 1
4 77 4
33 85 12
11 56 3
78 12 2
92 34 11
22 89 10
80 7 10
66 49 1
40 25 12
96 34 11
93 83 4
77 78 9
27 76 2
29 4 2
61 90 5
86 33 9
67 48 6
34 21 9
76 47 10
65 85 10
94 75 7
12 53 7
63 31 5
84 13 1
12 29 1
58 26 3
66 13 6
40 23 1
67 60 6
52 53 8
73 37 12
72 3 1
41 19 1
79 3 11
37 100
20
16 30
11 87
26 23
27 25
29 75
24 25
32 52
26 66
36 49
2 95
9 90
9 100
6 80
7 91
22 4
30 46
10 75
32 91
21 46
18 19
14
13 10 1
24 7 1
19 15 2
22 33 1
37 35 2
12 9 4
30 24 4
26 27 3
18 20 1
14 33 4
29 28 3
21 26 2
30 16 4
7 37 3
78 140
100
63 5
59 74
42 88
41 26
15 73
10 99
18 41
9 123
24 101
60 139
46 63
36 105
36 39
56 92
62 84
61 55
43 56
10 131
31 68
72 51
51 110
45 41
20 104
62 15
29 102
51 61
59 137
19 46
49 96
30 117
42 84
19 112
54 48
73 53
56 80
49 31
48 122
6 111
9 101
72 58
57 94
56 113
29 58
25 22
20 81
48 140
67 37
6 13
65 4
69 116
58 2
47 94
58 99
29 138
9 103
6 80
28 132
31 119
46 115
30 43
5 138
3 4
38 59
53 6
23 81
57 104
67 48
78 132
53 102
32 78
21 24
43 26
62 30
43 62
70 60
40 94
46 33
54 62
55 107
9 75
15 126
24 33
4 59
52 12
76 48
45 19
67 109
12 122
34 46
65 23
13 71
14 94
6 12
26 99
11 18
40 104
21 121
4 10
62 37
33 127
72
14 53 1
5 67 5
31 47 2
12 62 9
63 10 8
51 6 7
27 56 3
24 16 3
49 21 3
29 63 7
30 63 4
9 10 8
14 9 7
53 17 4
60 37 6
48 26 8
25 16 1
66 65 1
44 12 6
74 46 9
28 70 9
8 49 8
13 51 6
53 50 1
65 34 4
36 37 8
2 4 2
59 71 4
43 58 3
69 30 2
66 36 5
42 76 1
69 63 8
8 3 3
42 2 1
78 16 3
44 36 6
7 75 2
65 58 1
36 28 7
3 73 7
26 65 6
10 30 3
7 35 3
43 27 1
6 32 9
37 48 4
12 48 2
15 78 7
15 9 6
60 31 5
32 11 2
3 10 6
46 14 2
67 29 8
21 9 7
50 57 6
45 33 1
68 75 3
68 54 3
39 61 1
6 9 3
16 58 3
43 25 5
58 66 1
77 25 5
63 65 5
77 39 6
26 42 3
37 5 8
66 50 7
35 22 4
191 162
100
147 159
97 133
141 64
139 116
174 89
103 145
155 42
184 23
117 154
153 145
163 158
54 63
66 18
175 35
155 27
12 45
111 121
132 51
133 97
21 7
118 113
91 144
150 5
139 143
150 50
178 40
176 33
123 130
64 75
94 32
116 110
4 157
191 22
34 150
98 147
30 22
159 55
149 51
52 27
102 125
166 96
165 74
9 3
146 118
56 105
76 16
187 63
22 155
187 81
175 63
79 32
17 73
168 52
85 118
156 28
139 137
43 145
29 68
57 126
33 34
22 3
72 144
124 96
31 9
27 111
98 111
166 71
39 5
29 69
8 9
160 21
13 119
137 54
98 137
27 113
166 132
144 54
186 156
131 57
90 115
32 11
69 40
34 149
30 7
47 152
74 16
108 80
165 118
60 3
178 46
46 24
142 135
47 146
70 89
180 138
43 7
153 79
180 53
14 105
26 126
100
29 79 8
84 56 13
144 96 9
180 74 13
175 114 15
151 136 4
140 7 7
104 107 10
105 33 12
116 17 18
136 56 19
106 80 15
156 129 13
45 150 3
91 20 4
189 84 17
118 110 8
154 123 13
11 157 14
178 155 16
188 13 20
58 3 10
11 127 4
96 46 18
118 33 16
154 62 15
63 84 12
21 32 9
49 24 19
14 15 4
52 77 3
44 162 5
83 87 17
56 65 20
27 80 16
160 156 9
74 60 9
70 65 1
130 7 16
159 152 16
12 7 5
67 47 15
128 147 5
53 116 8
15 129 9
160 20 14
29 125 5
23 139 18
16 11 4
106 99 4
173 28 3
99 13 18
156 21 13
72 159 7
145 38 18
131 115 6
67 78 11
14 64 16
132 116 5
72 16 15
68 146 12
5 141 16
164 117 4
18 140 19
112 77 5
8 112 12
62 134 14
57 142 14
82 80 1
28 65 11
132 36 12
23 65 6
3 42 18
162 61 14
57 30 18
166 22 20
148 91 19
64 145 6
72 12 17
96 131 10
184 38 2
75 54 6
168 121 4
111 30 4
35 6 10
26 112 19
66 9 9
80 118 2
51 101 14
13 46 18
179 36 15
171 96 3
133 10 3
57 51 4
152 105 20
165 158 8
147 8 15
120 3 20
28 75 14
54 162 6
139 169
100
5 17
23 63
111 97
87 79
95 91
103 4
114 39
45 85
32 12
109 30
60 117
31 37
27 94
71 145
26 85
116 96
105 68
73 89
109 70
85 153
105 32
3 49
123 26
107 127
101 142
63 132
9 144
53 95
54 118
61 16
17 50
103 7
98 118
81 110
21 32
96 4
104 38
57 108
113 59
77 21
58 115
59 91
134 83
67 126
81 100
103 89
5 26
122 46
7 120
136 152
21 79
47 120
117 94
107 133
3 115
70 14
106 131
81 89
9 95
24 58
120 48
98 52
85 148
58 123
76 9
44 29
35 82
82 54
10 64
101 43
139 106
139 66
23 72
81 104
112 92
61 74
23 154
113 73
13 113
44 63
17 98
114 55
127 9
71 84
111 155
100 80
129 47
36 9
24 159
35 95
107 89
43 40
48 120
115 111
139 65
31 83
25 43
65 4
50 86
11 28
100
90 29 7
59 115 8
128 99 10
96 67 1
3 133 15
78 48 3
52 27 12
118 125 10
52 93 11
10 136 14
105 135 8
33 139 16
68 94 15
63 82 3
138 84 17
123 102 5
74 59 10
108 39 1
58 58 9
40 15 10
82 93 13
123 50 12
7 136 4
53 74 2
114 79 13
39 7 6
26 18 15
34 77 11
76 136 12
5 21 5
118 78 17
85 41 16
52 79 14
13 16 10
67 120 6
121 62 14
119 107 1
100 72 5
67 125 16
125 131 12
24 113 2
9 33 11
68 102 3
29 111 2
69 33 2
89 105 15
32 86 9
110 30 3
81 85 10
52 48 6
120 126 8
33 81 14
125 10 4
45 63 1
110 52 2
136 112 8
120 100 11
96 32 17
134 53 5
61 58 4
78 9 10
3 94 15
83 92 2
122 138 3
47 10 7
85 130 3
61 95 15
82 137 12
95 85 4
55 88 11
46 76 9
64 129 7
78 124 8
29 93 10
53 79 10
73 88 16
131 78 13
29 108 13
84 37 15
128 127 7
72 96 13
123 128 2
47 31 13
73 69 2
53 56 10
129 89 1
3 22 17
121 100 4
71 3 5
48 96 6
11 62 2
114 13 8
38 96 10
120 54 7
90 19 12
39 72 5
57 26 12
17 81 10
122 49 9
109 58 16
126 67
6
116 65
26 5
93 65
26 21
16 65
95 9
36
14 21 3
117 44 6
46 5 3
48 62 8
47 43 5
94 21 5
62 4 3
124 22 3
106 19 8
52 27 5
125 51 2
74 63 5
46 49 1
113 52 5
47 41 1
125 48 7
54 54 2
81 63 3
107 48 6
26 6 7
97 59 7
39 26 1
14 3 4
42 59 1
123 44 6
107 32 7
114 23 4
59 62 8
125 31 5
96 16 7
80 39 3
67 63 8
94 47 5
75 50 2
62 41 3
49 55 5
154 143
100
107 32
121 104
123 28
145 11
94 96
129 114
25 4
81 48
32 51
102 103
37 67
25 143
107 13
90 63
79 127
143 125
145 65
78 22
66 4
102 126
66 83
104 117
55 15
71 101
80 115
151 20
98 123
154 123
126 57
49 104
24 23
107 73
106 129
85 82
154 24
95 141
114 13
144 52
71 85
58 77
140 126
51 93
136 98
102 43
112 13
62 21
8 116
13 29
3 73
94 39
114 51
117 94
35 118
100 91
47 17
12 59
7 91
137 14
96 43
72 52
87 8
40 86
32 18
3 25
45 63
84 26
83 107
125 70
26 98
44 10
9 118
144 29
49 17
28 74
129 53
127 134
115 97
96 136
22 30
23 33
99 54
54 99
52 119
59 17
73 81
78 30
117 78
61 50
117 122
132 91
87 66
112 27
101 50
135 109
90 116
7 60
52 65
52 14
13 36
49 69
91
144 88 8
146 17 12
21 63 17
42 97 10
99 130 13
133 104 15
139 4 4
124 41 5
7 62 4
136 136 15
90 134 16
121 73 17
122 14 15
52 123 17
97 41 16
56 67 15
65 106 3
123 90 6
49 91 6
111 48 9
58 73 2
125 129 9
15 53 14
86 97 5
111 51 7
19 87 14
40 140 2
96 96 6
86 83 5
66 90 6
124 35 7
65 99 17
127 104 12
148 64 7
123 97 1
150 17 13
48 36 10
147 105 13
15 23 3
129 26 1
91 16 12
122 36 4
120 75 15
41 83 12
103 130 2
7 96 12
100 118 8
13 62 15
142 127 16
120 11 14
86 72 13
82 134 5
35 84 1
34 37 10
124 37 14
19 5 5
131 49 4
87 44 2
74 21 14
151 41 7
55 59 15
153 89 12
38 38 5
113 63 14
6 71 2
117 114 3
75 115 13
38 105 9
9 64 9
50 64 7
57 72 15
26 85 15
103 30 2
10 102 5
42 119 8
103 88 4
2 50 17
5 16 17
138 40 14
111 29 17
129 77 12
39 17 9
29 119 4
98 44 9
5 79 3
72 131 4
153 23 15
116 103 9
106 126 13
122 34 14
100 140 4
169 94
60
133 17
43 39
162 60
84 94
123 44
64 21
80 66
142 72
3 11
160 21
54 94
17 94
42 21
104 20
95 82
13 91
43 18
147 47
61 31
150 59
153 86
72 3
65 73
47 34
161 10
32 34
163 29
138 60
13 10
76 91
72 48
65 45
130 68
54 86
30 73
128 18
19 48
147 87
82 28
161 80
60 19
71 41
68 36
95 21
64 16
41 70
69 83
131 26
27 24
99 23
7 90
114 15
161 3
43 52
29 85
148 49
69 89
77 20
87 59
63 23
100
51 44 6
10 59 3
139 33 9
17 13 6
78 21 1
15 22 5
125 81 2
100 7 1
43 70 2
67 60 4
164 26 11
110 75 8
159 42 8
44 10 8
50 58 8
11 60 4
34 36 2
111 83 9
124 8 3
94 31 5
93 60 6
21 45 4
126 19 2
134 94 1
136 13 1
154 67 5
146 87 3
66 46 4
67 10 8
168 24 1
58 84 7
116 7 4
9 81 9
59 81 8
36 26 3
162 87 9
98 51 1
113 88 3
60 7 8
30 92 2
150 20 4
97 51 8
15 63 7
64 11 5
44 64 4
77 76 11
101 64 11
33 53 11
112 20 3
133 37 6
65 43 6
165 31 5
129 27 5
163 84 7
140 41 4
102 77 3
8 34 6
125 94 9
89 6 4
97 91 5
107 64 3
135 32 5
30 27 8
101 93 11
38 65 4
112 54 7
66 69 1
93 12 9
91 92 7
93 42 4
150 67 2
20 37 9
40 21 8
18 50 1
16 3 8
154 79 3
12 87 11
31 75 4
88 92 6
147 61 4
162 68 11
121 11 1
52 3 6
131 3 4
122 18 10
17 52 10
79 94 9
137 50 7
72 75 8
62 34 7
98 32 11
102 70 10
151 70 10
125 92 1
130 42 10
12 83 5
93 80 11
163 65 2
115 13 11
74 4 11
71 78
0
67
59 49 1
62 61 3
5 44 7
65 10 8
43 31 2
26 15 2
20 46 7
17 66 7
22 48 6
39 44 5
42 3 6
38 9 1
29 43 5
18 27 6
25 52 2
18 57 7
30 38 5
14 71 3
37 19 2
17 61 4
39 33 2
18 22 5
32 5 4
3 4 3
65 11 7
31 53 7
63 67 3
47 20 4
71 63 6
7 14 2
19 20 1
5 3 2
38 20 5
24 51 7
24 5 3
58 9 8
32 30 2
49 53 6
10 46 6
22 24 4
71 37 8
35 32 7
30 65 4
47 26 4
6 68 2
6 59 6
60 29 4
33 66 7
71 33 8
57 59 4
41 48 1
55 2 7
41 51 8
32 54 3
9 22 1
69 46 5
44 3 8
15 24 8
2 69 1
10 32 4
11 39 1
51 21 7
52 71 8
60 57 2
44 30 6
48 21 3
32 13 2
41 33
6
7 2
38 16
34 13
26 31
23 5
38 17
2
38 6 2
4 7 3
123 19
10
81 18
25 16
90 3
88 14
63 19
98 18
14 11
102 9
28 17
47 19
2
45 2 1
104 2 1
177 40
48
37 26
81 40
86 3
134 9
88 6
27 38
106 20
50 19
68 39
116 40
101 15
21 10
29 27
43 36
172 11
48 11
75 11
86 7
106 14
74 39
105 15
156 17
171 11
46 10
56 29
108 36
114 18
139 7
154 25
164 27
100 39
50 10
136 34
58 10
74 18
139 12
92 28
103 5
130 23
17 4
135 30
103 8
127 24
145 25
172 33
90 32
21 3
127 17
13
24 6 4
19 20 5
170 35 4
117 11 2
21 40 2
159 28 1
134 4 2
30 14 2
82 30 5
113 35 3
151 9 2
121 21 4
60 14 4
71 5
1
9 4
1
49 3 1
115 168
100
104 20
86 32
18 63
61 45
114 5
10 125
64 70
2 39
57 68
22 4
108 59
57 17
79 41
23 151
41 78
82 55
22 82
17 44
34 114
80 162
110 148
28 59
55 152
19 71
17 29
79 32
103 15
81 54
101 124
59 41
51 93
63 19
23 96
45 70
8 104
49 168
81 14
69 16
81 167
52 11
95 84
73 7
61 11
35 111
4 5
91 164
69 83
67 27
44 131
23 93
24 39
6 164
45 145
5 80
44 83
65 111
23 24
54 2
79 47
81 115
89 25
37 152
51 29
102 83
96 60
14 41
20 78
65 104
84 48
29 123
53 119
96 62
114 135
101 96
114 73
57 121
90 28
39 143
21 87
62 89
112 22
80 119
94 166
60 144
101 168
103 153
56 146
23 42
111 6
12 45
45 64
90 109
29 91
93 47
92 107
33 65
85 91
70 101
13 33
84 125
82
28 54 3
31 103 5
108 33 3
56 65 1
76 37 3
89 81 10
103 95 7
111 55 12
64 86 1
113 62 10
99 22 1
81 43 1
41 22 5
93 4 10
93 24 4
84 34 3
12 106 14
38 23 13
15 65 7
61 83 4
93 44 9
36 81 8
28 56 9
52 97 12
44 109 10
111 104 14
37 46 9
60 67 14
84 102 3
21 115 9
7 24 4
68 47 4
73 71 11
56 19 8
17 91 10
86 109 6
94 42 12
50 75 10
105 81 12
56 91 4
56 25 10
106 89 12
115 40 3
58 47 9
16 56 2
13 29 12
37 94 6
34 68 13
93 51 9
79 104 10
42 6 13
22 99 10
91 32 3
89 19 9
83 115 12
109 106 9
76 56 10
35 110 2
83 20 7
88 51 5
26 59 6
73 78 8
59 46 12
51 18 13
66 30 7
18 81 5
36 70 5
81 53 10
58 29 11
47 29 8
107 82 8
94 58 7
13 18 5
80 72 3
109 92 9
16 91 2
11 78 13
48 70 12
98 48 8
72 47 14
3 6 8
68 12 9
40 79
29
24 71
20 4
11 38
2 21
25 55
20 64
19 63
37 19
38 52
23 59
2 60
5 51
5 38
40 23
4 22
40 35
36 6
35 21
36 73
5 17
34 16
31 75
2 16
2 4
23 6
10 6
38 56
32 45
3 51
43
15 39 1
6 17 3
40 19 1
22 38 5
3 29 2
4 4 4
26 5 2
2 24 3
4 38 3
29 31 4
23 38 4
5 21 5
2 40 3
40 10 1
14 2 4
17 16 5
30 3 3
27 26 4
17 25 4
33 35 3
39 19 5
8 10 1
25 10 4
20 18 4
18 32 5
40 25 5
13 36 3
18 8 1
36 23 2
15 27 5
34 26 4
34 11 1
28 24 3
36 13 1
34 6 1
6 29 2
21 19 2
5 20 1
35 35 2
28 7 2
24 26 5
7 3 1
32 21 4
106 115
36
46 70
59 36
73 107
95 94
78 62
9 70
36 6
95 88
42 7
58 55
13 18
12 47
38 8
28 98
97 67
85 93
94 108
96 103
49 4
106 5
92 68
57 57
69 47
77 7
53 36
21 55
63 105
67 16
57 50
99 59
18 77
38 61
99 38
91 59
40 26
62 103
38
30 69 7
31 49 9
57 20 5
65 101 7
60 57 4
81 31 12
39 53 7
4 73 5
67 79 3
24 26 10
25 32 5
92 56 1
66 7 4
53 54 4
19 72 10
51 64 5
71 102 9
80 55 11
16 32 3
78 35 2
79 50 11
2 65 5
23 82 9
97 73 5
79 97 2
49 91 12
25 23 7
98 101 4
100 43 2
15 47 7
74 80 7
44 25 10
90 60 4
88 9 4
27 5 3
46 46 9
42 16 4
25 81 5
43 107
63
27 29
13 90
34 93
5 13
32 68
27 11
12 49
22 105
26 88
19 87
16 77
24 4
18 20
6 98
8 23
6 3
19 31
42 93
33 15
6 66
37 20
16 78
24 87
10 45
5 14
37 71
27 21
16 35
12 12
2 50
4 89
33 24
36 37
16 89
5 83
10 29
8 65
43 94
13 10
8 66
42 83
15 91
42 73
23 63
18 27
35 6
31 100
37 47
16 62
43 30
38 62
7 85
27 33
42 80
3 97
21 36
5 33
22 73
20 47
40 30
27 102
2 38
13 94
2
38 39 4
6 21 2
71 176
90
18 166
62 149
14 151
14 133
20 39
44 158
60 149
23 88
53 46
71 164
25 85
59 71
18 120
23 141
15 3
38 91
25 168
45 176
42 119
28 162
44 117
45 175
35 19
27 12
44 151
19 73
11 159
39 141
5 67
41 24
63 73
52 108
47 137
44 145
68 17
23 25
58 74
58 153
2 147
45 174
44 133
50 78
9 34
66 23
40 87
39 126
39 77
10 119
2 157
50 98
69 163
21 158
18 92
36 135
64 37
42 144
28 19
13 16
25 154
33 90
29 64
51 135
62 18
19 4
48 158
56 151
11 171
8 43
6 64
12 108
24 147
54 110
50 162
51 106
66 91
65 66
42 30
46 73
7 70
64 129
61 172
6 140
14 175
26 84
67 80
25 130
68 104
17 46
18 144
45 156
12
62 71 1
12 49 5
59 6 4
57 25 3
13 58 3
9 27 6
47 25 8
53 33 5
58 66 8
67 28 1
50 35 5
34 31 3
145 87
60
8 81
97 13
94 65
130 71
39 55
100 42
4 11
80 42
114 59
38 61
45 7
15 60
19 49
81 48
11 46
51 12
118 47
50 76
116 46
67 7
122 67
137 10
51 66
121 68
116 18
13 74
132 60
22 67
92 83
69 56
60 29
107 46
78 39
144 67
110 50
129 86
106 86
45 21
135 20
3 45
21 20
68 70
35 58
14 50
5 85
28 41
53 3
8 2
89 76
114 33
116 11
6 2
94 43
121 64
120 80
116 50
91 21
52 8
17 69
32 59
100
109 13 10
80 46 5
50 63 9
86 40 1
128 69 3
132 56 7
98 38 4
70 75 7
83 80 3
8 19 8
86 59 10
97 50 1
109 85 6
62 6 10
114 76 4
32 67 8
121 81 9
88 25 5
13 62 1
10 49 8
11 77 2
56 67 4
136 76 10
18 85 9
5 38 1
23 14 7
59 79 7
116 31 4
95 16 9
65 21 9
2 55 1
98 73 8
90 40 5
145 30 5
107 53 9
41 46 1
23 26 9
126 54 10
108 39 7
46 81 8
86 82 10
6 7 2
69 4 8
133 6 9
127 74 8
137 66 9
121 37 6
10 11 3
76 87 6
2 83 10
65 3 2
98 50 3
37 84 10
130 72 2
114 31 8
104 80 10
58 86 2
86 50 4
14 74 6
6 85 8
45 48 4
134 39 5
47 33 10
75 50 6
108 62 5
9 42 9
118 34 2
69 46 10
16 17 7
89 9 4
116 20 5
113 72 2
5 66 7
119 5 8
18 68 8
83 81 2
107 75 5
40 64 6
67 46 1
125 34 5
50 19 6
119 82 7
141 66 6
41 84 9
107 37 8
21 42 8
64 58 2
18 79 6
111 4 2
15 21 9
145 13 6
61 29 8
87 81 8
126 32 6
33 66 6
127 62 4
51 67 1
36 39 7
131 76 4
113 70 1
198 103
27
15 58
117 59
96 42
198 8
125 88
98 27
142 27
188 93
24 41
135 48
49 59
2 3
98 46
16 13
26 67
20 68
81 6
94 83
95 101
57 86
128 99
5 45
40 96
128 11
26 94
167 91
35 14
78
151 68 8
4 102 1
197 23 9
82 13 6
72 7 12
56 56 7
99 25 6
170 24 7
194 19 6
50 62 12
115 29 6
76 43 1
77 95 12
13 49 2
67 50 3
79 28 12
50 103 4
77 32 6
55 73 6
37 96 3
159 75 10
99 64 8
82 92 8
184 42 10
175 39 11
80 18 8
166 70 9
84 102 9
174 38 6
180 56 3
5 84 7
189 24 7
69 49 4
162 32 12
196 73 8
51 85 10
124 32 6
37 89 2
114 82 8
22 2 2
22 100 11
164 73 7
146 20 11
152 5 3
16 100 3
187 85 6
24 25 9
60 44 3
176 30 4
113 92 3
22 73 5
99 70 2
72 101 6
122 46 4
39 61 11
58 64 9
31 24 3
135 91 2
197 6 4
147 37 2
147 60 3
182 90 12
69 31 12
50 56 5
142 49 10
116 5 10
62 73 10
92 59 5
83 36 4
138 52 1
134 33 5
8 6 1
165 78 2
132 14 4
197 18 2
45 48 12
38 21 2
155 11 8
149 153
100
136 25
108 142
93 72
139 18
108 93
78 58
119 69
33 14
112 54
52 130
124 9
59 79
67 49
22 122
93 108
7 115
56 42
32 129
79 123
82 93
111 6
42 132
135 120
39 96
82 49
24 57
68 5
4 104
16 129
115 77
12 21
107 42
78 25
59 111
31 131
111 127
25 40
88 131
93 144
44 85
45 63
29 80
134 113
90 126
138 22
99 138
61 23
27 79
109 80
143 104
130 46
144 34
103 106
36 151
83 62
85 124
87 40
46 118
140 93
138 112
75 16
130 96
43 3
46 26
86 124
79 61
68 84
24 141
93 69
54 24
122 10
116 38
82 27
43 42
64 32
63 126
3 110
30 86
97 24
121 59
93 96
99 36
53 54
36 96
7 128
7 127
34 131
72 9
115 152
101 118
48 131
113 24
40 144
89 70
144 47
38 107
122 138
44 150
69 28
34 27
41
148 92 13
78 6 14
144 5 13
89 130 5
88 78 17
114 117 16
56 68 7
46 71 5
25 7 17
65 20 18
90 136 8
2 46 17
143 37 12
28 108 18
108 144 4
67 96 11
112 22 1
40 4 18
35 116 11
92 105 5
27 119 1
22 108 3
28 128 15
77 130 5
103 17 5
66 12 18
128 17 11
15 48 6
71 2 14
35 144 7
76 92 18
68 4 5
17 66 5
70 148 14
21 103 3
26 86 9
118 78 13
117 10 2
56 113 15
119 123 10
124 42 16
101 193
100
56 84
39 85
11 94
24 50
64 165
29 138
15 26
62 177
59 23
85 111
19 66
77 66
95 52
69 38
27 90
81 147
90 156
4 72
34 189
23 7
35 3
69 96
93 151
40 115
21 174
50 113
13 169
43 98
79 58
59 108
24 73
34 82
95 86
40 123
65 31
50 53
70 4
22 185
32 169
59 49
5 28
39 119
31 119
5 160
11 72
44 121
23 112
37 16
49 9
94 54
27 76
64 68
9 113
55 28
59 151
15 177
100 103
65 10
95 117
22 66
87 166
79 84
30 88
98 21
18 62
19 2
76 11
54 188
4 82
77 81
69 171
65 125
40 152
54 49
95 40
39 18
88 92
26 69
59 73
83 42
80 125
75 166
100 165
28 38
27 111
35 161
87 43
85 157
15 183
2 116
17 155
63 88
40 50
22 21
49 75
83 22
97 142
93 171
87 99
53 73
100
5 80 10
65 56 2
95 60 7
72 20 4
41 35 8
27 11 5
46 56 6
58 3 6
68 11 6
101 67 3
19 73 4
99 18 6
60 36 12
65 69 11
67 93 7
55 47 4
20 30 3
8 5 2
50 16 2
30 90 11
29 69 1
68 70 1
22 15 10
64 50 7
49 63 12
44 36 6
17 27 7
31 8 12
47 78 5
59 95 10
40 14 4
82 65 2
86 79 2
32 81 4
28 74 1
13 22 6
2 56 2
6 86 4
5 88 11
92 84 9
11 92 12
24 82 7
12 60 8
60 33 6
91 68 11
91 95 9
13 86 3
33 87 3
86 17 11
83 48 5
3 11 12
78 65 8
54 56 4
27 4 7
96 86 9
38 97 9
99 20 7
80 78 12
13 9 3
41 30 5
4 50 3
86 68 1
40 66 10
82 96 9
18 3 5
37 28 1
51 66 1
74 15 10
87 33 1
59 85 7
61 23 1
8 23 10
41 3 6
101 52 10
59 87 3
79 88 2
49 45 12
7 94 7
10 89 4
6 11 11
66 61 12
79 40 8
65 53 4
25 69 5
87 27 5
62 71 8
2 68 12
42 70 11
84 83 10
96 71 1
46 39 3
101 40 6
24 51 10
20 19 12
17 65 2
39 101 12
64 40 9
50 54 9
4 36 11
48 28 11
10 163
18
10 40
4 4
8 43
7 24
6 19
4 29
5 125
2 26
4 146
5 146
3 5
4 97
4 59
7 17
6 143
6 155
8 69
10 140
16
7 4 1
10 6 1
9 3 1
3 7 1
3 3 1
2 9 1
5 10 1
3 10 1
6 9 1
9 7 1
8 10 1
8 9 1
10 10 1
6 7 1
4 10 1
5 2 1
200 149
100
88 39
41 22
175 66
73 49
184 101
76 130
12 21
37 63
196 79
125 113
185 65
37 11
90 127
160 100
192 68
148 129
144 86
170 35
43 140
89 128
178 131
54 96
192 79
135 63
35 122
36 125
48 81
34 33
182 10
61 75
193 65
13 8
31 127
39 74
65 20
193 116
30 73
3 70
3 29
172 44
82 123
130 129
33 136
125 123
150 113
130 6
89 12
30 129
34 122
155 31
87 52
2 142
3 62
37 52
48 93
14 35
81 122
91 135
9 54
131 53
181 103
51 58
174 95
8 144
18 132
108 40
3 103
74 93
74 101
79 47
51 134
7 112
152 20
79 99
24 12
154 142
108 75
56 42
61 147
31 20
160 75
32 54
148 93
116 75
67 47
132 59
42 8
110 14
198 83
132 38
38 120
170 79
142 10
120 11
68 53
199 66
21 92
137 96
109 30
180 64
94
37 79 8
134 146 15
11 128 5
187 97 2
2 130 8
138 29 10
95 98 11
21 27 13
29 63 18
189 19 17
198 52 1
72 142 11
23 149 7
6 37 14
57 52 1
81 129 16
104 125 9
23 55 13
161 134 17
177 76 2
195 75 9
34 21 15
168 118 5
66 43 11
181 97 13
146 147 9
60 51 13
13 121 18
200 130 13
150 131 16
3 113 18
141 77 4
140 111 9
197 19 8
137 126 10
15 147 6
153 62 4
182 105 12
96 29 11
26 141 15
169 49 14
184 106 16
24 49 6
51 122 9
141 54 17
167 135 8
30 89 5
45 90 18
192 47 17
14 19 12
110 73 3
114 106 3
21 147 13
192 62 7
8 90 8
54 24 1
39 136 14
138 109 11
85 97 6
171 80 10
188 11 18
188 53 10
82 12 14
152 22 6
130 128 12
80 3 7
151 117 17
62 120 3
22 55 2
110 75 2
56 145 7
168 50 18
33 139 13
54 141 9
46 108 3
136 141 18
40 103 10
52 82 6
54 72 16
80 114 2
48 135 1
153 14 1
132 105 13
105 69 3
120 87 11
114 36 6
91 72 3
86 94 4
53 19 6
187 78 9
136 102 16
79 49 17
140 118 13
11 22 10
49 100
4
3 8
19 65
19 66
36 90
1
36 46 2
39 140
11
10 44
32 14
14 102
35 136
38 133
7 13
5 62
5 85
20 108
34 82
17 83
46
10 28 3
17 15 1
5 14 3
4 16 1
12 13 3
25 8 2
6 20 1
32 18 2
17 24 1
15 15 4
32 12 4
17 18 3
13 7 1
15 33 3
28 18 3
9 2 2
3 23 1
23 32 1
12 20 4
39 33 2
36 19 4
17 39 1
35 11 4
15 29 3
5 34 4
29 2 4
12 10 1
30 35 3
16 3 3
6 39 2
23 27 1
19 29 4
38 26 4
5 32 4
24 27 3
24 17 2
11 35 3
23 35 4
14 34 2
26 25 2
12 25 3
8 8 4
34 35 1
35 4 3
26 13 3
6 19 3
46 104
64
13 93
25 12
36 38
34 84
38 23
17 79
13 15
38 78
13 21
10 50
17 78
42 32
42 20
3 87
27 89
17 97
40 78
22 96
15 32
2 79
40 68
4 18
44 23
29 72
21 94
43 53
41 78
41 57
38 63
31 9
39 12
40 69
13 101
34 2
43 52
46 49
3 30
27 83
37 16
17 21
2 33
14 56
11 95
3 19
20 74
44 91
4 69
39 7
35 18
34 38
21 53
39 50
24 8
3 43
32 98
40 98
20 80
21 47
3 57
32 73
15 61
43 24
25 50
30 74
26
22 27 5
34 8 2
35 9 5
10 6 5
29 16 3
41 15 5
41 45 3
45 46 4
23 29 2
8 20 3
17 22 1
28 6 5
11 38 4
20 34 2
25 21 5
20 26 1
30 30 1
16 25 4
37 9 3
43 21 3
14 29 3
17 10 3
25 27 3
26 15 2
42 5 4
30 29 3
149 3
1
117 3
1
122 3 1
100 26
23
31 5
83 5
34 8
19 6
64 23
4 11
94 10
100 12
92 7
18 5
53 25
81 26
85 15
27 11
37 7
65 21
19 2
39 12
78 16
77 15
59 19
14 22
35 12
9
39 14 2
22 11 1
63 12 3
75 18 1
21 15 1
84 16 1
13 15 2
69 21 3
25 22 1
33 97
31
27 95
27 62
27 70
18 20
7 21
11 92
33 54
20 84
25 46
22 24
14 73
19 49
22 26
12 10
31 97
6 36
22 13
14 43
9 37
27 72
8 66
19 55
17 95
17 60
13 51
5 18
20 30
27 36
24 34
33 96
33 20
2
8 20 2
26 11 1
169 142
100
38 56
71 126
39 42
97 2
7 35
168 111
43 62
138 8
156 53
117 8
157 99
10 75
29 118
80 103
39 77
163 42
49 94
46 13
19 39
142 98
48 142
161 64
9 25
136 124
128 79
49 25
42 53
16 22
17 23
62 101
57 37
18 47
65 25
40 21
84 97
79 61
25 79
64 77
39 122
163 41
37 103
164 51
137 41
166 110
32 51
6 73
14 13
76 131
141 133
69 130
91 128
5 3
104 40
155 141
133 99
125 60
107 19
126 22
98 49
157 27
153 34
96 111
150 108
112 57
23 118
134 34
144 137
55 88
125 141
4 134
59 48
157 139
74 94
72 9
133 18
76 133
125 64
146 128
99 10
102 33
93 110
155 13
91 27
77 136
82 31
155 94
168 98
84 4
153 70
72 108
50 64
19 101
28 132
62 92
67 35
71 10
80 24
34 60
4 47
119 17
100
168 13 4
91 116 8
3 56 16
109 89 3
73 36 13
125 55 16
9 31 2
107 138 3
82 117 11
50 23 7
137 56 6
77 113 10
132 131 11
165 16 16
8 52 3
60 121 12
29 51 5
97 96 17
69 41 15
76 17 8
121 18 4
161 22 11
159 139 15
154 77 4
87 68 8
41 10 4
115 95 13
101 87 8
12 49 16
54 84 2
72 134 3
153 135 14
96 106 4
123 140 9
38 137 8
94 140 1
120 23 2
93 29 3
78 81 6
129 5 4
32 65 7
2 107 2
115 99 17
158 93 11
120 12 3
78 89 12
11 44 11
75 96 4
93 51 13
42 96 10
36 52 13
125 114 17
28 83 14
150 30 6
132 9 10
73 68 16
138 64 6
47 133 14
162 70 3
101 102 5
74 85 1
143 114 9
51 118 1
19 142 16
27 101 8
139 23 13
73 107 5
3 16 15
23 56 6
78 21 12
159 21 5
71 27 3
149 25 5
4 29 13
102 129 2
123 105 16
69 105 10
95 134 14
16 91 10
23 42 4
20 34 11
80 120 14
35 9 4
110 83 8
135 93 8
122 55 7
90 127 2
128 28 8
137 6 2
51 26 4
4 96 13
31 68 4
18 92 16
140 3 1
143 2 3
33 54 17
6 7 6
95 95 13
37 69 7
100 71 15
39 145
18
24 36
11 63
3 70
17 85
27 104
15 138
21 139
5 78
3 4
2 61
30 32
8 36
38 54
24 85
34 44
17 44
24 125
13 35
65
3 3 3
8 7 3
3 20 3
35 16 1
4 10 2
39 23 2
10 19 4
25 33 4
30 10 2
4 12 3
18 32 4
2 39 3
6 36 4
26 9 2
6 18 4
18 13 2
31 28 2
27 27 3
39 19 3
30 13 3
13 28 3
7 39 3
27 30 1
5 30 1
35 26 1
7 27 2
4 9 4
39 33 4
23 23 2
2 31 2
35 39 4
36 31 3
16 5 1
19 37 1
35 10 1
12 14 2
18 14 1
18 25 4
27 39 3
38 35 3
22 38 2
28 34 1
28 6 1
6 29 2
2 11 2
18 26 1
35 2 1
37 20 2
4 22 1
28 26 2
4 38 1
8 24 2
31 16 2
6 26 3
39 31 4
10 37 3
31 38 4
38 21 2
13 32 4
23 24 1
9 18 2
37 13 2
20 24 3
25 14 4
34 5 3
189 161
100
175 13
12 153
101 145
70 141
56 49
22 97
78 119
180 90
23 91
150 100
131 127
68 66
102 125
128 130
30 29
122 116
20 139
163 157
29 105
5 135
22 96
63 27
101 61
60 114
130 122
5 40
114 122
186 50
39 121
58 49
33 35
56 72
188 68
188 11
89 64
158 56
33 132
3 138
119 92
121 75
173 70
34 74
26 135
184 14
90 30
99 42
187 54
126 113
155 95
171 43
86 30
102 9
97 3
123 53
87 156
167 110
27 41
88 83
178 144
52 61
70 114
85 82
63 93
173 56
141 67
107 134
143 107
100 129
7 103
128 38
57 70
186 98
12 74
177 138
74 156
83 104
87 62
154 116
6 2
110 132
171 26
38 100
105 47
2 41
74 54
140 2
46 32
125 144
121 113
51 24
87 115
113 23
74 107
115 150
155 108
162 125
93 75
178 12
42 19
26 8
100
113 101 5
92 147 19
25 53 2
44 5 14
77 134 19
60 41 11
57 26 9
67 19 7
176 155 3
103 15 1
49 11 10
89 159 14
13 18 2
30 97 20
124 90 17
54 120 7
122 153 3
136 50 3
80 106 8
129 113 6
88 12 6
45 78 17
64 32 7
92 124 7
26 114 15
70 86 3
175 33 1
90 32 6
28 103 11
185 69 19
33 69 20
89 90 10
119 128 18
34 149 14
90 8 5
165 160 10
90 22 10
135 9 14
97 123 11
139 129 13
37 78 5
33 100 11
26 82 15
53 5 16
6 115 19
120 43 18
11 7 10
52 110 9
52 2 8
10 85 13
137 146 6
181 97 15
79 38 13
119 148 1
170 83 3
24 161 2
23 73 18
116 4 4
54 101 9
188 146 7
163 66 6
181 157 12
127 64 14
95 84 13
124 40 20
103 37 16
137 10 7
47 22 11
70 6 17
52 97 2
143 128 2
56 117 4
67 109 1
181 134 7
162 80 8
134 4 6
65 149 7
53 119 14
65 28 16
8 68 4
113 126 4
137 123 13
123 96 13
157 121 10
136 40 18
74 93 7
107 73 10
62 32 12
100 26 3
154 90 11
145 144 16
109 153 18
139 7 5
38 27 13
96 76 11
96 127 2
38 138 6
117 18 6
85 32 4
136 112 18
80 154
100
40 129
3 34
19 29
75 60
2 133
66 6
58 149
55 40
62 147
66 140
24 64
64 145
63 36
18 14
60 6
53 94
17 101
37 48
29 126
55 48
54 113
11 91
14 40
20 52
42 37
24 132
20 37
63 44
32 66
60 84
77 71
2 41
60 76
7 18
71 32
54 53
15 26
72 114
12 96
10 147
19 154
64 76
63 34
59 137
34 87
17 88
49 54
3 18
12 140
53 110
6 33
56 111
63 17
4 44
78 144
72 82
57 52
38 139
6 119
79 91
28 9
8 65
40 80
6 60
65 153
31 59
55 46
21 153
59 61
41 38
62 75
7 98
43 150
15 139
14 137
13 99
61 18
2 7
34 113
30 21
42 25
72 120
11 78
54 154
68 125
74 56
2 101
19 93
70 104
48 26
73 104
24 148
7 149
20 123
72 2
78 106
48 127
46 71
44 150
42 85
100
15 23 8
76 55 9
19 22 4
24 75 10
49 62 4
17 78 9
11 75 3
49 69 3
74 58 5
72 67 6
31 23 2
22 51 5
24 43 10
72 59 3
60 33 6
76 48 4
35 42 5
76 79 6
22 43 4
43 12 7
42 32 4
31 6 4
30 22 2
42 17 4
57 72 3
73 21 3
18 67 2
42 41 9
22 60 1
55 4 6
53 21 7
35 66 1
41 19 1
58 67 6
54 67 8
63 57 7
36 32 7
13 40 1
16 76 8
62 35 1
7 69 6
9 38 4
8 55 4
35 68 1
31 60 10
71 18 7
10 80 9
8 25 9
67 12 1
13 73 2
17 10 2
19 72 8
73 51 3
68 20 9
55 71 8
39 37 1
61 30 6
45 26 2
67 20 10
15 2 3
29 17 8
32 12 8
55 17 4
5 35 3
3 72 5
52 19 9
76 58 2
14 75 10
14 35 4
78 52 10
77 14 7
29 49 4
6 68 10
79 34 5
22 6 2
66 50 2
20 45 10
28 7 4
73 3 8
27 67 1
15 8 4
12 68 2
6 44 2
62 56 5
76 13 10
25 7 5
69 79 9
78 33 4
52 28 2
62 33 10
47 56 1
4 38 6
26 42 6
16 31 3
40 56 7
35 72 1
42 56 2
41 10 2
6 55 9
57 56 5
180 128
100
157 104
93 116
38 83
178 58
160 74
80 32
116 13
54 113
152 53
172 21
143 56
60 7
37 97
61 102
10 39
58 100
125 86
50 115
20 112
153 86
27 41
156 25
50 89
51 75
88 115
140 128
48 68
22 62
29 98
162 31
45 91
128 49
154 86
72 70
49 66
106 95
123 66
157 86
52 122
157 117
139 4
86 24
180 97
53 5
21 8
113 46
172 68
109 120
119 99
134 47
8 36
156 73
57 45
5 79
28 23
31 54
143 95
165 68
118 53
54 51
157 115
68 47
121 74
40 102
109 127
180 56
74 5
143 84
154 17
113 61
39 85
112 31
71 14
135 49
82 111
136 106
82 73
145 128
69 98
57 108
46 49
140 56
166 87
127 4
50 22
132 44
49 112
30 3
144 25
73 88
45 71
155 21
147 60
116 78
118 125
170 69
47 13
81 72
119 17
70 35
100
141 19 11
146 101 16
63 82 15
130 57 10
168 64 1
154 103 11
10 3 11
103 78 1
112 63 16
36 43 10
105 18 1
103 77 1
140 109 3
103 65 12
127 76 2
83 123 15
173 22 8
131 7 7
157 41 8
45 22 10
37 76 4
67 56 10
46 78 15
73 111 10
24 77 9
123 104 5
136 122 12
138 60 10
101 124 5
100 94 15
38 103 4
123 31 1
52 113 5
174 75 12
38 99 2
79 98 5
124 83 14
28 58 16
130 20 1
14 16 7
167 89 3
69 48 13
58 70 3
27 72 2
80 126 16
128 47 6
180 127 14
18 24 7
172 38 6
122 48 6
72 26 7
75 64 8
116 45 1
59 39 15
177 64 9
34 66 13
13 50 10
101 45 16
114 118 15
71 114 11
104 57 5
55 93 4
129 66 5
28 64 6
62 5 4
73 31 8
94 20 16
88 107 6
32 81 16
169 117 14
12 72 13
131 6 7
81 113 13
171 56 9
127 32 14
141 71 9
30 87 10
124 89 9
93 34 1
153 85 4
96 54 3
43 126 12
152 95 3
97 120 12
15 24 4
66 119 16
129 2 14
52 12 11
88 85 1
43 54 13
86 111 14
34 38 9
52 41 6
116 77 7
50 91 11
166 112 12
140 26 2
145 62 15
85 116 11
29 123 6
71 51
20
36 49
16 22
55 12
39 10
29 14
10 2
33 17
39 21
62 34
29 45
65 35
14 13
39 5
50 24
70 31
2 48
35 32
60 15
21 3
37 47
23
24 51 5
42 4 2
65 30 6
54 6 1
61 25 1
63 45 1
5 38 5
60 20 6
65 5 1
31 45 2
63 44 5
52 35 4
13 14 6
25 42 4
32 17 6
51 14 4
23 49 1
31 31 2
23 41 6
31 10 2
48 32 5
17 39 5
37 22 1
102 58
56
47 47
12 34
24 41
2 16
19 11
94 40
27 19
81 51
15 37
54 13
15 43
55 49
78 39
16 8
84 48
69 16
39 36
54 10
92 41
94 7
3 45
32 25
9 32
89 14
15 9
41 31
32 19
95 45
44 16
68 5
95 6
2 33
96 9
51 43
10 54
61 9
70 29
32 33
27 41
12 44
18 7
57 2
20 35
65 42
69 36
86 29
23 6
85 37
34 6
8 19
14 4
25 55
77 38
102 49
8 54
39 20
8
75 45 3
67 57 3
75 14 7
75 58 7
92 45 5
21 20 1
3 14 4
36 11 4
20 182
43
4 78
19 25
8 3
5 15
7 10
20 7
6 153
18 83
11 73
5 137
14 36
9 36
3 3
8 120
6 123
11 145
3 128
20 174
20 45
3 107
16 6
6 137
19 156
17 127
6 105
5 2
20 102
6 116
16 141
17 128
19 181
8 74
5 118
3 38
19 158
14 113
11 94
4 98
18 154
7 132
12 34
6 10
2 26
55
16 12 2
7 18 2
17 14 2
18 4 2
7 14 2
19 12 2
3 14 2
16 8 1
10 4 1
2 17 2
19 5 1
16 17 2
3 4 1
14 2 1
8 9 1
5 5 1
11 17 1
10 13 1
13 16 1
2 7 1
12 20 1
9 11 1
15 20 2
18 10 2
20 5 1
5 6 2
9 10 1
5 14 1
15 2 2
4 19 2
9 5 1
15 13 2
3 12 2
10 3 1
17 19 2
19 9 2
16 15 2
4 8 2
6 17 2
13 3 1
3 9 1
6 16 1
3 11 1
12 12 2
14 18 1
20 19 1
8 12 1
9 16 1
17 2 2
10 18 2
2 20 1
2 11 2
20 3 2
8 15 2
20 17 1
96 68
97
6 27
72 29
45 21
34 41
16 39
68 55
67 18
91 55
32 4
32 56
59 34
23 9
86 51
13 21
45 9
66 28
89 10
74 9
69 18
34 54
23 45
32 60
68 28
29 34
92 15
89 28
96 4
40 41
89 6
54 53
89 66
9 28
42 51
31 55
52 12
79 43
91 60
15 52
12 37
73 28
14 31
19 55
27 63
10 17
53 8
46 41
8 60
15 23
16 18
71 63
6 29
65 16
31 8
39 56
95 56
61 63
43 37
39 37
81 19
46 47
19 45
69 3
48 26
93 13
51 3
45 17
74 4
28 43
5 13
19 66
74 13
15 16
79 49
26 4
4 33
94 49
85 40
40 43
16 13
73 24
67 9
30 58
53 53
58 15
82 21
6 50
55 12
32 39
88 53
35 51
92 66
80 32
79 68
93 36
94 24
81 61
83 6
47
33 44 8
94 63 2
63 2 3
28 28 1
27 42 1
84 19 3
74 52 1
36 34 1
85 4 4
48 18 6
41 57 7
19 53 7
38 11 7
47 26 7
94 31 4
59 53 6
38 36 5
15 37 4
72 66 6
50 62 6
3 63 2
76 59 7
59 55 8
41 12 5
37 3 4
26 43 7
5 7 1
36 40 6
84 49 7
8 5 2
41 10 8
87 45 4
27 38 1
6 52 7
6 66 6
75 26 5
62 39 8
78 49 3
59 39 8
29 67 6
85 45 3
17 45 2
12 41 1
25 60 7
61 36 8
65 6 3
61 18 7
67 135
49
22 67
16 127
33 89
30 13
32 102
55 108
7 18
13 3
37 11
37 121
40 100
14 77
16 97
32 68
63 82
32 42
61 129
14 90
58 14
18 116
30 65
3 106
39 14
43 97
47 26
24 65
50 5
28 47
38 2
11 112
18 79
51 39
31 65
17 70
29 128
48 132
39 85
8 71
51 6
7 112
35 28
49 122
25 9
66 105
38 113
59 22
59 38
20 51
38 69
100
15 30 6
26 66 7
56 15 3
14 42 8
29 46 4
36 17 6
58 34 1
62 32 2
41 60 7
8 14 1
37 28 8
47 51 5
11 58 6
21 10 3
31 10 4
38 15 1
37 37 7
44 49 4
29 52 3
59 23 4
59 35 2
30 30 5
35 51 5
16 53 4
21 34 8
52 24 8
47 4 2
48 55 5
67 67 4
47 56 6
17 63 3
48 37 2
30 61 2
57 54 5
45 12 3
27 4 6
21 57 5
26 55 6
19 63 8
5 3 6
46 45 8
38 10 6
2 28 1
40 2 7
15 24 8
30 4 5
8 37 3
51 45 1
13 26 5
37 29 5
38 29 4
25 40 3
23 27 2
58 3 6
61 55 5
22 28 8
19 16 1
21 64 1
58 61 2
63 46 2
2 34 2
38 51 4
55 44 3
67 57 5
5 4 6
6 49 5
54 18 8
39 45 6
42 29 7
11 67 1
12 31 1
43 18 5
51 40 2
29 63 6
41 59 4
33 43 8
50 45 8
62 6 6
50 40 3
51 28 1
21 55 2
17 47 7
32 27 5
20 6 2
65 21 4
57 29 1
22 57 4
53 2 8
23 14 3
37 42 6
49 11 8
67 6 5
23 48 1
40 26 8
33 29 2
40 32 1
3 46 1
31 12 6
65 29 3
56 16 3
129 24
44
77 20
65 14
63 6
17 7
63 12
76 8
10 14
68 13
21 18
39 5
44 14
73 6
89 24
36 11
7 10
30 7
103 12
10 7
19 8
112 13
114 18
17 2
91 10
38 22
125 9
105 10
126 20
86 6
98 5
51 15
47 6
78 6
78 12
6 9
53 16
12 19
67 20
107 15
107 14
70 2
21 5
97 18
65 6
100 7
6
82 4 3
45 18 2
36 9 3
104 2 3
25 16 1
61 12 3
193 69
100
83 60
167 32
135 34
29 40
50 37
58 31
131 19
118 11
11 63
151 15
102 22
56 66
93 21
73 57
75 26
151 6
127 26
77 38
162 58
123 69
153 33
151 4
109 64
66 4
42 38
140 26
132 26
185 18
65 11
134 39
18 32
103 30
131 53
147 47
22 65
2 61
107 15
117 34
100 33
56 58
134 55
36 10
161 69
103 37
179 21
8 6
74 67
101 68
41 54
63 45
173 10
185 69
112 49
157 35
110 3
32 21
166 61
167 17
131 31
73 62
188 42
23 40
121 58
90 47
183 12
155 50
45 21
105 47
112 23
150 57
20 18
67 38
84 69
29 46
179 63
40 67
36 55
124 59
168 62
13 11
54 35
175 61
31 64
24 60
114 25
40 10
157 17
40 43
22 35
79 21
57 37
115 43
62 13
158 23
134 28
45 57
193 46
11 68
144 69
63 10
63
44 18 4
47 61 8
135 43 4
153 13 7
177 39 1
183 43 2
10 65 8
36 37 1
91 15 7
49 10 4
166 15 7
100 57 3
50 49 1
153 22 6
124 45 2
80 61 6
76 27 3
187 55 4
146 17 3
111 28 4
64 14 5
26 43 8
92 10 2
3 57 2
112 68 7
73 7 5
37 16 8
165 55 4
187 41 3
82 11 2
173 35 6
128 16 3
92 39 4
91 61 1
124 25 4
25 19 3
34 62 1
111 23 7
38 51 2
180 64 1
59 64 8
114 8 6
157 54 3
26 44 8
160 18 4
75 27 8
122 21 8
7 10 7
128 23 8
144 60 7
44 36 4
82 68 6
74 69 2
180 11 7
134 45 1
71 68 7
134 19 1
189 5 4
152 42 3
169 32 5
127 66 8
64 64 7
80 55 4
188 198
100
148 196
119 151
83 157
55 127
43 176
173 13
162 81
42 76
161 169
124 6
125 42
90 141
7 158
21 138
36 80
139 164
88 10
93 138
102 178
16 65
39 25
29 73
13 12
140 37
156 37
2 112
148 83
151 68
89 137
82 144
117 18
175 55
140 30
135 184
20 72
58 165
102 66
136 105
42 68
49 10
179 48
131 21
37 37
148 44
181 130
38 77
52 117
84 68
128 188
149 159
91 131
127 146
59 112
177 54
128 191
51 143
112 150
23 134
50 196
54 42
23 196
42 54
125 88
18 180
164 51
130 10
15 187
41 170
96 142
153 145
99 56
69 178
48 121
112 79
167 63
52 18
56 163
133 75
187 98
90 21
49 137
160 95
51 137
111 184
2 31
97 154
171 59
45 29
104 101
129 88
48 122
107 171
41 22
165 90
110 180
26 124
130 8
139 61
7 70
47 49
100
181 19 12
27 46 2
175 17 13
82 37 8
3 30 8
24 46 21
73 186 20
91 85 12
95 143 5
91 165 21
120 15 15
52 29 12
9 52 13
172 135 18
157 111 11
98 96 16
51 174 21
113 28 15
93 162 5
171 141 1
76 20 5
149 38 7
11 89 15
109 161 2
60 48 11
137 91 4
163 30 13
126 48 9
176 145 11
96 169 15
132 33 21
142 48 23
77 111 2
42 91 2
184 157 14
138 94 1
69 183 4
39 169 8
159 73 20
167 119 20
108 108 6
147 120 12
150 149 18
134 164 22
160 101 16
56 140 1
28 139 14
153 41 18
184 28 1
99 73 22
7 25 1
97 38 2
43 148 17
86 169 4
100 73 7
135 7 10
8 147 14
68 51 6
7 24 8
183 93 18
8 110 13
6 48 10
52 111 8
183 112 20
124 145 8
2 125 12
42 100 14
106 137 1
28 54 20
143 30 13
115 90 22
64 106 10
136 158 18
78 132 2
4 29 13
177 70 6
103 93 6
138 183 15
109 50 22
16 48 2
99 178 12
86 49 19
5 174 1
41 134 10
74 81 22
61 34 21
118 48 7
184 131 14
132 136 21
74 152 20
127 89 14
30 55 11
188 183 18
182 156 4
153 99 8
182 39 12
89 136 3
20 79 10
14 93 23
116 36 7
95 56
32
90 43
88 3
49 13
18 14
7 16
94 17
15 34
5 18
95 52
65 5
7 32
94 8
47 28
20 43
6 27
52 40
46 18
33 47
21 49
80 56
95 6
31 2
92 27
78 17
80 5
27 17
92 11
18 49
76 7
73 32
49 52
33 45
48
94 26 3
46 11 1
33 55 6
36 19 3
29 3 5
38 45 3
70 13 5
2 26 1
34 20 5
52 26 7
42 36 4
20 29 7
76 42 6
39 38 7
62 19 4
32 17 7
10 43 7
38 12 1
56 13 4
17 7 7
57 16 1
8 20 1
30 17 2
15 3 7
40 24 5
16 39 3
17 45 5
60 26 5
89 14 2
29 52 3
53 52 1
58 14 7
67 23 1
2 38 2
30 40 7
85 52 5
91 15 6
6 53 5
24 37 3
28 30 5
13 27 7
84 19 4
24 10 7
43 31 1
3 27 4
7 49 5
14 18 4
79 47 5
137 20
21
7 17
114 19
11 8
42 17
78 8
94 17
56 12
126 20
97 18
8 17
123 6
100 17
135 17
128 11
66 2
47 12
119 8
18 12
50 19
133 2
117 18
6
23 4 1
70 16 1
105 15 2
10 4 2
111 12 1
137 16 1
34 116
44
34 69
28 90
34 47
10 92
27 81
33 30
22 51
18 76
34 55
4 37
32 74
12 18
34 86
13 115
20 6
26 60
9 98
31 67
10 90
12 109
32 85
25 88
28 35
19 105
18 22
24 24
6 7
26 12
25 54
15 116
9 80
18 62
29 107
10 93
32 61
34 15
33 25
17 36
2 9
2 20
28 37
4 91
33 28
4 92
20
10 15 2
2 11 3
17 10 2
23 6 3
30 7 3
20 27 3
25 13 2
20 21 4
7 4 1
34 13 1
25 16 2
7 10 4
34 32 4
28 22 3
24 22 2
20 12 2
12 30 1
14 13 4
5 13 4
28 20 1
6 169
10
2 14
4 68
5 54
5 120
2 16
6 136
4 121
4 135
6 58
6 112
7
6 5 1
4 3 1
5 4 1
2 2 1
2 3 1
5 5 1
6 3 1
106 47
74
3 27
20 8
65 41
25 40
42 45
100 21
78 29
59 40
97 10
35 5
47 19
96 2
98 35
77 11
24 8
47 10
92 4
24 12
105 4
91 39
60 30
85 22
10 38
30 17
12 16
2 14
38 15
98 27
32 22
10 16
45 2
17 38
32 28
43 35
73 43
13 32
23 47
67 15
41 2
73 31
71 42
39 7
58 24
43 23
32 29
24 2
65 10
8 4
80 17
35 24
80 5
100 7
67 18
61 10
69 18
24 26
79 33
97 16
20 47
16 21
28 16
7 40
69 19
59 9
33 39
34 4
2 18
30 36
2 46
29 21
70 40
26 18
51 12
99 30
34
103 19 2
84 38 3
10 5 4
31 32 4
67 22 5
11 2 1
69 20 2
6 44 1
73 23 3
66 19 4
39 13 5
102 38 2
91 26 4
103 18 2
80 43 4
88 40 2
46 11 4
66 45 2
16 37 2
84 23 1
23 18 1
83 9 2
66 32 1
64 41 2
79 39 3
14 23 5
81 23 2
25 32 2
51 2 5
18 9 2
82 25 3
18 44 4
72 9 3
73 15 2
127 16
10
9 6
44 5
27 5
85 16
100 11
65 11
92 14
78 14
13 7
11 10
4
87 8 2
87 11 2
78 4 2
105 6 1
155 115
84
56 76
135 73
46 68
100 107
75 58
73 25
57 107
114 62
130 20
122 46
51 16
147 64
44 87
6 18
43 80
6 36
50 41
8 110
82 53
150 67
50 91
49 111
17 2
100 95
95 101
139 11
130 110
63 24
119 57
84 14
108 19
129 72
74 25
145 103
42 61
22 101
118 68
155 74
107 104
3 78
79 27
35 3
25 75
21 56
155 51
42 56
28 63
146 66
119 92
25 50
115 80
60 3
144 55
13 68
128 80
19 36
23 38
86 72
5 73
147 38
64 94
153 36
24 70
25 109
11 56
155 52
105 69
138 77
35 57
104 77
136 7
129 79
116 74
143 48
47 8
81 16
19 105
42 7
21 32
104 71
145 94
71 39
4 27
125 111
47
75 38 11
134 75 8
145 37 2
90 62 1
65 22 8
47 12 14
139 44 2
59 81 14
94 84 13
65 35 12
56 75 4
84 83 13
107 97 13
81 67 5
56 16 13
149 74 11
146 25 14
2 38 10
116 64 1
57 46 3
132 112 10
144 73 2
24 5 3
122 21 1
17 48 6
114 97 3
3 96 1
24 100 4
151 75 10
146 40 11
27 86 13
104 29 5
28 112 14
86 23 5
56 89 10
149 30 13
46 99 6
71 2 13
72 79 8
25 39 7
60 104 11
22 106 6
50 96 1
97 73 7
79 18 2
102 45 10
26 105 1
158 91
100
25 12
156 51
121 23
155 62
65 89
124 33
75 86
22 81
139 57
80 34
158 77
8 72
113 71
66 38
133 23
119 72
22 54
22 7
47 11
72 91
40 43
142 86
63 38
153 89
121 61
56 41
76 88
110 61
19 33
128 39
20 86
154 83
128 13
17 2
95 73
99 79
67 57
29 62
139 54
11 70
63 63
14 43
149 22
118 31
133 88
102 47
42 18
140 16
120 23
7 13
96 31
58 61
66 86
56 8
79 49
145 12
106 44
14 26
62 31
145 91
78 63
19 40
135 39
76 24
75 15
158 84
59 73
154 41
14 4
155 71
42 79
73 65
83 76
43 15
36 55
130 58
92 36
65 43
28 69
55 78
147 6
29 72
148 90
57 24
9 15
21 11
115 22
37 89
65 29
123 60
66 36
81 40
109 91
143 9
32 21
40 36
95 89
41 12
9 72
24 13
58
103 7 10
117 57 3
38 53 2
131 77 8
38 38 1
145 88 8
47 34 9
106 3 7
22 70 9
52 61 4
46 11 5
54 12 6
4 56 7
34 20 3
8 49 2
49 90 7
154 29 2
127 76 8
61 30 9
7 55 1
39 68 1
42 83 1
137 76 2
72 86 3
151 12 7
120 44 6
21 64 10
48 21 5
4 79 1
124 49 10
35 10 1
149 85 8
70 60 8
5 8 3
148 22 10
117 13 2
28 86 3
47 48 2
54 65 11
57 80 2
110 40 6
141 85 4
89 77 5
15 77 10
82 10 6
53 53 3
134 6 6
156 39 9
31 44 3
97 27 8
133 8 5
4 66 7
6 52 10
51 26 10
9 37 9
73 73 4
41 82 8
139 47 6
27 126
37
11 85
19 109
5 43
18 70
5 76
16 106
15 91
2 120
19 27
3 81
2 38
12 100
13 79
11 114
27 87
21 120
21 54
9 16
16 71
6 42
25 17
7 83
13 122
10 35
14 87
5 45
23 70
12 96
27 54
20 98
2 47
24 6
27 63
10 67
21 12
19 51
27 76
31
10 11 1
18 11 1
7 9 1
2 9 3
8 25 2
6 26 1
12 13 3
19 14 2
27 16 1
3 6 3
15 22 3
12 11 2
21 8 2
22 26 3
25 11 2
24 25 3
10 2 2
27 6 3
27 7 3
4 9 2
17 19 3
24 7 2
14 19 1
5 11 1
13 24 3
9 5 1
16 12 3
18 5 3
16 11 2
12 14 1
4 6 3
163 64
29
162 42
142 26
121 38
134 19
77 48
81 4
142 12
113 49
71 51
145 49
56 7
84 58
91 33
99 55
13 28
79 60
153 17
104 53
89 50
43 34
83 59
102 25
114 28
71 17
22 16
158 29
32 55
140 19
125 29
7
86 6 4
133 13 3
14 24 2
69 48 1
163 15 5
63 16 1
68 22 2
120 29
23
99 7
4 29
53 25
43 18
71 9
102 28
111 9
38 11
88 18
20 7
60 20
88 11
2 2
72 14
29 12
28 22
100 16
46 5
68 29
36 25
71 7
57 5
56 11
11
28 25 1
72 15 3
83 8 3
35 14 1
5 5 2
43 19 2
67 24 2
91 9 3
58 5 1
65 4 1
100 8 1
158 30
60
128 28
53 7
45 21
142 25
38 30
5 3
95 16
137 19
63 29
64 27
109 17
4 23
102 4
48 10
4 22
15 29
39 8
117 4
17 22
57 22
88 7
158 3
69 4
62 3
11 4
113 24
70 2
86 2
12 19
3 29
99 2
79 16
96 13
74 13
86 21
15 9
2 4
89 2
84 7
152 6
24 4
68 8
120 27
76 17
146 30
96 16
85 13
19 27
57 8
40 14
110 21
89 30
44 18
32 13
58 11
154 6
115 14
37 14
82 15
4 14
4
33 17 1
99 14 2
149 29 1
39 16 3
55 87
11
34 85
35 56
28 43
15 9
15 60
47 87
25 26
41 85
40 29
50 87
4 78
73
20 3 5
32 14 1
8 8 4
12 16 4
2 55 3
6 39 5
11 19 6
14 4 6
16 46 2
44 40 4
7 52 4
10 32 3
50 46 4
40 14 5
41 20 5
25 14 5
15 37 6
13 38 6
48 45 4
34 24 3
19 12 2
34 28 1
12 13 4
25 44 1
49 19 4
50 23 3
10 7 6
52 23 5
18 14 2
42 35 3
28 24 3
12 42 2
51 18 1
40 28 4
33 52 5
55 52 6
15 32 4
31 51 2
49 28 6
14 46 3
39 11 6
2 16 5
47 11 4
6 12 6
50 19 2
6 51 2
41 14 6
34 11 4
54 15 6
9 2 5
39 36 5
46 47 5
7 44 4
50 50 1
49 4 6
53 53 3
34 27 6
38 42 6
55 4 1
32 28 2
35 22 4
16 35 4
48 34 6
25 24 2
14 28 1
41 25 3
34 8 5
3 46 1
53 37 3
8 15 2
27 12 1
7 33 1
31 34 5
100 28
6
8 22
56 19
51 19
18 8
26 23
15 8
7
40 23 2
83 21 1
31 9 1
19 25 3
95 12 1
31 21 1
48 7 1
147 47
52
52 20
34 16
122 34
28 44
32 11
131 17
90 38
21 9
27 11
28 26
117 13
15 2
32 7
59 37
62 10
125 36
28 42
41 46
79 18
136 36
76 31
77 9
23 31
2 10
143 26
76 9
39 24
38 22
146 20
89 41
79 14
42 33
15 3
125 21
78 34
147 2
84 30
123 30
32 46
83 44
88 18
48 23
69 31
70 21
109 21
140 46
17 22
133 15
66 9
17 17
107 5
120 4
7
19 25 1
90 29 5
34 30 3
139 47 2
34 47 2
103 30 3
79 33 3
172 46
78
60 35
84 29
25 46
146 22
76 24
3 41
11 9
6 46
152 14
129 43
104 24
138 3
67 46
97 43
13 17
50 4
162 4
6 21
98 15
74 38
150 14
155 10
45 42
126 17
144 20
124 17
32 12
41 15
66 13
7 19
156 33
93 42
82 32
61 29
62 6
98 10
22 11
18 8
151 13
105 39
70 6
145 30
165 19
60 44
87 3
10 15
42 18
127 21
48 29
152 18
63 9
89 39
77 5
7 14
47 27
127 32
54 34
58 3
78 20
81 24
39 44
156 11
47 42
146 13
124 7
44 35
5 45
93 41
69 6
146 26
67 45
166 15
162 9
170 3
154 38
94 19
116 46
96 39
0
68 169
39
58 91
8 135
8 137
25 61
13 115
47 62
42 27
24 50
20 44
18 111
60 18
65 73
40 167
2 17
31 24
59 73
68 42
10 127
67 7
2 72
39 29
47 7
53 41
15 38
55 16
34 20
38 54
68 167
35 26
44 132
56 26
49 149
18 83
28 74
17 124
44 107
38 115
57 69
38 96
100
19 41 8
23 17 1
62 64 8
50 51 2
62 33 7
41 31 5
36 20 7
30 24 7
27 22 4
33 20 2
15 36 1
45 57 2
50 42 6
20 61 7
39 4 2
21 32 6
42 17 2
63 18 8
35 62 7
10 8 4
31 54 7
61 47 5
50 14 4
41 4 2
31 20 6
55 41 7
68 2 2
35 21 6
34 45 1
48 21 8
9 9 1
3 49 5
62 9 8
66 6 8
50 45 5
2 14 4
9 46 2
3 21 4
34 42 4
17 39 5
26 19 1
7 64 2
22 62 1
65 19 6
39 37 4
65 67 7
21 52 2
49 63 2
67 12 7
67 47 8
65 35 5
52 51 5
67 54 4
33 24 7
18 7 6
46 46 4
21 40 7
42 67 8
15 19 4
6 65 3
58 61 4
42 2 4
38 62 5
30 23 2
2 63 4
64 46 5
28 39 7
64 34 1
11 29 1
54 42 2
63 11 1
19 63 3
44 30 5
3 13 4
28 66 1
64 32 8
30 58 2
16 39 1
53 26 8
61 51 7
21 57 6
32 57 8
56 55 3
28 58 4
19 61 5
39 18 6
63 36 4
61 26 5
30 33 4
34 47 8
30 4 1
61 54 6
9 42 6
50 57 5
47 18 1
65 12 2
43 57 7
45 50 5
28 48 5
3 3 8
18 87
20
11 56
2 11
5 52
16 58
9 2
13 38
2 42
6 35
3 72
6 40
16 73
15 13
16 5
3 70
16 49
13 80
11 43
8 17
5 76
3 21
7
7 3 1
16 10 1
9 17 2
10 11 2
3 4 1
2 16 1
10 18 2
189 151
71
44 59
7 149
23 47
143 121
141 50
115 25
67 94
189 149
8 95
10 115
134 95
52 101
82 118
71 33
18 139
4 127
114 30
72 96
152 131
33 47
105 61
173 30
93 99
68 21
152 60
180 93
26 98
19 44
168 30
68 67
72 50
137 91
59 35
65 32
36 81
28 17
56 66
123 147
48 14
137 107
11 68
90 71
41 33
28 131
18 84
151 40
179 35
9 107
9 137
18 85
71 19
12 32
51 131
82 75
24 113
122 127
103 20
92 25
130 49
145 70
180 3
169 129
146 143
9 18
85 37
79 33
161 122
49 94
78 18
136 62
109 139
100
125 17 5
91 88 15
155 133 10
96 42 10
159 40 12
164 21 13
150 64 13
20 148 17
136 33 9
168 101 17
49 11 13
159 151 8
54 34 5
62 16 11
150 122 5
82 101 1
48 96 1
127 57 2
27 12 16
179 121 10
182 123 9
180 30 18
136 108 17
74 20 6
180 75 9
20 8 5
120 138 13
189 126 1
137 4 5
151 5 2
120 136 10
165 29 2
173 59 3
113 20 16
63 59 17
165 139 5
54 77 3
40 43 15
111 49 16
121 36 13
183 56 2
6 149 12
16 65 12
104 33 8
150 120 5
74 107 13
131 24 8
32 3 1
95 81 3
135 87 9
98 65 1
141 127 9
159 70 15
146 6 3
49 105 10
84 131 7
183 77 10
183 136 7
89 44 9
100 58 1
61 14 4
45 108 8
145 36 10
79 35 1
19 67 12
88 95 5
165 33 18
78 104 12
55 59 1
18 109 4
182 45 11
125 82 18
48 13 15
30 69 17
68 115 3
149 93 4
87 52 18
43 4 8
169 21 1
87 136 17
22 114 7
169 134 7
188 52 13
164 120 8
180 26 1
55 101 16
45 79 8
54 47 11
111 67 16
33 51 9
88 133 14
188 114 1
120 7 10
79 151 9
37 114 4
75 49 11
107 90 10
83 35 1
94 107 18
42 16 17
53 191
71
50 176
25 42
24 155
12 126
48 73
25 61
3 9
53 92
38 159
27 39
25 78
16 49
51 76
24 70
52 91
22 167
23 123
43 129
52 124
3 84
21 110
32 51
19 176
43 98
7 17
32 116
33 124
46 82
37 31
11 68
49 36
5 16
51 59
29 156
26 49
43 65
18 76
22 63
35 73
49 189
46 64
14 126
40 44
38 66
43 178
25 131
43 143
31 44
52 21
16 186
8 21
12 35
35 42
30 79
29 183
2 41
3 6
48 113
30 105
3 74
25 129
53 79
9 3
21 176
30 42
27 28
32 17
11 190
47 36
40 48
7 56
72
41 38 1
2 35 4
16 25 6
14 47 3
10 45 4
46 12 6
48 27 2
47 41 5
20 45 6
46 33 1
3 39 1
4 12 5
14 5 2
24 4 6
24 9 5
18 32 5
26 18 3
33 42 1
37 44 1
20 37 2
42 40 6
13 28 6
8 52 1
17 27 2
5 4 4
47 11 2
2 34 4
30 30 6
17 42 5
24 12 4
45 6 6
18 33 4
23 10 6
37 41 3
33 14 1
9 19 2
6 12 5
12 51 5
46 41 4
34 11 5
13 45 6
51 10 3
41 11 5
46 37 6
38 31 2
3 53 4
9 39 5
2 8 3
28 3 2
51 41 6
40 51 3
39 2 5
36 33 1
15 23 2
2 40 4
36 5 4
7 15 4
31 24 5
21 18 2
23 3 1
2 6 4
23 53 6
41 33 2
17 20 4
14 49 4
21 15 5
51 43 4
11 34 4
15 37 4
45 29 6
28 28 2
46 2 3
103 169
76
74 76
72 26
30 40
20 42
29 115
12 5
90 127
102 7
59 152
59 127
51 141
30 68
103 63
15 123
15 18
14 20
15 3
21 7
20 113
7 161
19 86
86 91
52 87
77 116
21 146
58 78
14 168
76 103
76 147
99 81
76 146
91 147
64 91
5 153
59 96
42 146
8 85
67 137
73 160
38 79
87 162
37 110
91 62
10 153
70 143
79 34
77 30
47 139
51 117
18 26
26 86
79 23
35 71
42 79
79 98
102 110
77 159
59 169
80 30
43 82
76 130
100 87
27 127
37 149
12 40
67 144
99 90
74 14
67 37
39 14
13 84
56 123
46 99
100 29
55 64
103 2
65
85 43 3
86 95 4
15 72 4
71 57 8
7 60 4
103 93 2
8 16 2
94 11 2
23 72 7
81 83 5
47 8 10
56 70 1
21 59 9
2 67 9
58 19 1
71 67 5
56 66 6
21 24 2
6 23 8
30 59 8
65 86 2
2 71 8
77 32 4
76 34 5
47 15 3
68 68 4
36 74 11
13 25 7
26 64 10
76 85 1
62 75 2
102 61 3
10 64 12
54 39 12
50 58 4
12 27 5
99 96 3
71 94 8
58 46 9
33 82 3
66 82 11
47 96 1
35 83 10
15 21 10
54 74 5
19 62 7
86 47 9
55 29 6
82 22 5
57 49 9
8 94 8
96 49 12
23 78 12
101 74 7
42 57 8
96 46 10
46 78 6
43 58 6
103 77 6
57 15 2
19 64 8
20 20 10
2 14 8
61 47 11
70 36 9
90 157
100
61 16
37 132
86 98
60 134
15 86
6 94
69 153
83 64
71 112
42 136
55 98
89 43
74 122
20 142
38 103
77 52
23 114
25 27
50 140
11 15
83 32
83 134
4 75
89 155
39 39
44 23
3 149
7 25
40 102
37 67
78 112
27 9
38 60
41 94
87 79
71 143
17 45
41 10
53 29
68 147
60 142
13 91
30 146
8 142
61 149
82 89
5 52
45 28
34 43
13 111
69 44
28 116
7 41
64 96
27 75
24 107
40 147
35 117
29 113
22 96
87 8
41 132
6 25
20 133
8 95
53 56
60 118
86 49
59 67
42 31
12 56
69 156
56 56
62 111
62 69
59 98
49 20
73 13
34 109
87 72
75 28
45 101
14 79
2 86
71 132
71 120
22 117
78 4
77 147
20 128
63 140
50 93
82 40
33 71
75 37
29 130
77 114
86 13
80 109
30 136
100
26 75 1
86 79 6
50 51 9
42 42 11
54 7 1
49 50 4
11 24 6
59 6 5
30 19 10
12 13 7
6 59 3
20 77 6
66 24 10
54 5 7
48 55 11
37 62 11
38 16 9
77 49 8
52 58 6
85 90 4
31 63 7
50 47 9
68 47 1
46 45 9
83 30 1
43 65 4
10 31 10
29 23 3
37 18 2
46 43 11
9 86 11
87 36 11
39 76 1
30 28 8
8 77 9
47 3 3
15 64 8
66 40 9
24 58 3
80 45 6
11 14 9
7 43 10
31 2 9
29 25 2
28 31 1
12 86 10
23 79 3
8 35 3
79 70 5
64 57 5
40 17 4
5 78 10
4 39 7
20 6 3
70 42 5
86 2 7
85 54 2
37 68 11
11 48 10
60 54 5
6 74 2
55 23 4
56 24 6
59 28 1
80 17 9
13 70 6
75 10 1
39 85 1
11 38 2
86 35 5
8 68 6
47 8 1
81 30 2
70 59 5
84 35 8
60 11 5
63 47 7
88 35 9
25 37 11
66 8 8
69 66 7
50 36 2
46 74 3
73 45 1
85 84 8
2 10 1
68 33 6
85 59 10
8 72 4
27 88 10
22 75 6
6 24 8
26 7 7
88 75 11
15 31 4
10 82 10
46 66 3
65 73 3
42 85 5
5 44 1
188 76
69
62 61
161 30
32 25
53 22
73 34
78 75
119 19
61 46
138 2
83 62
78 69
89 34
25 29
3 5
49 29
99 28
56 10
49 23
171 71
78 9
174 50
11 2
26 54
57 30
186 54
141 46
30 65
22 2
93 24
27 64
34 66
87 7
95 3
144 24
175 23
68 15
117 69
45 7
14 17
163 3
99 68
7 44
119 10
103 71
63 15
28 12
143 59
103 43
92 6
94 31
97 36
68 43
158 13
13 10
145 62
172 49
165 42
90 50
136 14
169 60
35 49
112 20
147 33
175 6
111 4
78 35
68 58
82 21
13 3
23
48 66 5
54 73 1
31 40 3
109 67 2
167 3 3
25 76 2
143 2 1
150 52 9
110 55 8
86 47 5
47 65 4
71 76 1
132 43 4
47 16 5
72 75 2
46 64 6
83 29 2
32 40 9
133 18 9
11 74 1
183 45 2
128 63 9
32 68 5
127 180
100
22 164
42 128
32 148
81 25
31 12
28 152
28 3
43 33
47 132
68 95
27 176
27 9
80 162
81 80
19 130
94 55
46 134
96 14
102 73
88 145
51 112
125 117
48 150
40 70
7 91
90 9
57 107
3 74
14 113
47 64
95 60
77 14
17 92
49 87
123 120
13 123
50 99
60 92
95 56
73 152
102 151
90 35
31 87
46 58
49 35
15 171
13 179
103 163
111 174
20 8
47 65
41 60
42 19
92 49
23 103
29 127
76 26
106 58
84 179
111 50
10 6
124 140
77 177
53 65
7 87
39 46
85 69
122 4
62 29
11 45
94 163
41 170
66 100
26 22
11 104
10 111
126 68
44 135
122 106
75 151
24 160
31 164
97 125
90 6
21 21
98 160
64 130
12 59
77 167
28 103
112 129
106 72
19 180
63 17
99 41
72 105
6 150
42 45
86 63
51 78
100
81 127 6
28 41 13
17 42 13
46 114 8
29 78 6
93 114 7
83 108 1
63 53 9
53 79 12
96 41 15
80 98 5
11 97 8
74 7 1
19 59 10
77 58 7
2 97 15
49 95 9
11 112 11
85 60 11
59 95 12
12 72 1
75 81 7
75 52 10
67 56 13
40 81 12
35 43 2
75 6 11
58 42 2
26 23 3
77 30 6
31 34 11
102 123 6
119 30 2
16 13 11
90 111 14
50 89 9
19 17 8
70 91 8
120 109 15
70 43 14
29 27 14
13 20 15
73 10 7
97 40 15
112 118 14
39 71 9
127 106 9
113 31 8
127 65 13
83 3 2
108 26 10
24 115 9
54 47 15
41 105 7
126 72 9
76 2 7
125 42 8
6 127 15
30 40 5
18 115 12
63 83 10
67 67 11
101 77 10
53 77 1
46 6 1
102 104 4
22 52 7
110 53 10
92 124 10
98 64 9
43 7 1
44 42 1
56 54 5
117 32 2
64 94 1
106 127 6
90 36 15
127 7 13
50 51 15
100 57 13
116 53 10
39 67 13
10 81 7
27 38 9
78 101 5
76 80 4
58 43 9
60 125 1
107 62 7
124 22 5
72 117 6
119 12 5
37 115 10
111 11 7
10 29 10
111 62 14
6 125 4
6 85 7
118 68 6
26 38 7
152 9
18
131 2
128 8
126 4
67 9
138 3
105 3
146 8
151 7
114 9
115 5
82 5
81 8
85 7
12 3
71 6
51 2
12 4
42 4
0
4 119
3
4 5
4 28
4 44
3
4 3 1
2 3 1
2 4 1
177 55
35
112 15
14 32
161 54
144 6
6 37
82 34
54 47
114 53
122 5
96 13
162 46
73 8
70 6
160 22
48 38
157 7
137 42
91 43
160 24
141 24
2 15
65 6
86 14
56 12
121 38
84 17
170 5
34 6
102 7
58 37
6 18
69 4
87 49
63 19
43 20
3
168 43 3
113 20 1
72 41 5
99 148
51
47 81
98 85
33 39
25 29
2 13
70 26
33 119
24 147
5 83
99 64
47 77
37 100
92 73
58 85
54 54
63 130
56 76
8 76
24 45
4 107
75 3
35 51
5 103
62 34
24 96
30 68
42 62
17 40
67 28
83 54
48 133
22 90
6 35
14 95
24 37
60 11
23 4
80 89
72 84
68 14
38 131
92 99
51 39
85 64
79 108
77 5
54 141
79 2
47 48
95 9
9 46
40
36 48 7
74 41 3
89 80 6
37 18 9
55 55 6
11 2 1
2 84 7
2 63 6
93 16 3
28 54 10
49 24 5
20 49 5
60 52 6
97 54 4
11 63 3
28 56 8
93 89 6
30 8 5
5 50 5
92 66 10
25 97 3
82 14 4
60 26 4
21 56 2
21 4 9
77 89 7
19 19 12
29 47 3
14 68 9
48 70 1
13 54 2
18 83 12
78 53 8
42 93 8
14 74 8
38 21 3
35 72 5
90 19 1
84 33 11
42 85 11
2 12
0
0
87 45
4
40 38
32 28
56 25
69 38
8
77 23 2
17 27 4
30 19 3
72 11 5
45 21 4
17 28 4
18 44 5
11 39 4
0 0
