3 8
6   9   5   2   8   9   1   6
8   2   6   2   7   5   7   2
5   3   9   7   3   5   1   4

N/A	N/A	N/A	N/A	N/A	N/A	N/A	N/A	N/A	
N/A	6	6	5	2	2	2	1	1	
N/A	8	2	2	2	2	2	2	2	
N/A	N/A	8	7	4	9	7	3	3	
N/A	5	3	3	3	3	3	1	1	
N/A	N/A	9	8	5	5	7	3	5	
N/A	N/A	7	9	5	5	7	3	3	
N/A	N/A	N/A	12	10	7	10	8	5	
									
	1 	1 	3 	4 	4 	4 	7 	7 	
	1 	2 	2 	2 	2 	2 	2 	2 	
		1 2 	2 3 	2 4 	4 5 	4 6 	2 7 	7 8 	
	1 	2 	2 	2 	2 	2 	7 	7 	
		1 2 	2 3 	2 4 	4 5 	4 6 	4 7 	7 8 	
		1 2 	2 3 	2 4 	2 5 	2 6 	2 7 	7 8 	
			1 2 3 	2 3 4 	2 4 5 	4 5 6 	2 6 7 	4 7 8 