37
22 1 3 21 16 27
21 0 3 6 35 5
6 1 3 37 24 15
16 0 4 23 8 36 17
23 1 1 18
35 0 0
8 0 1 19
36 1 5 13 10 2 29 30
13 0 3 31 3 25
10 2 1 32
27 2 0
17 1 0
2 1 1 1
29 0 2 11 7
11 0 0
19 1 0
31 1 1 4
37 2 1 26
1 2 0
18 1 1 9
24 0 0
3 1 1 28
5 1 0
7 1 2 33 20
28 0 1 14
9 0 1 34
34 1 0
32 3 0
25 0 1 12
15 2 0
33 1 0
30 1 0
26 1 0
14 2 0
12 2 0
4 1 0
20 3 0
1
1 1 0
15
7 3 1 13
13 0 1 10
10 1 4 15 3 5 6
15 1 2 9 14
9 2 2 11 2
14 1 1 1
11 0 0
3 1 2 12 4
5 1 0
2 0 1 8
12 0 0
4 1 0
1 2 0
8 0 0
6 2 0
27
4 1 1 15
15 0 1 3
3 0 5 12 9 25 10 22
12 1 2 26 27
9 0 2 7 16
26 1 1 8
8 2 1 17
27 0 2 2 6
25 0 3 20 19 13
2 0 0
10 3 1 21
6 2 2 5 24
5 2 4 1 18 23 14
1 2 0
24 1 0
7 0 0
18 2 0
21 2 0
20 2 0
17 1 0
23 1 1 11
19 0 0
11 2 0
22 1 0
13 1 0
16 0 0
14 0 0
18
9 0 5 18 6 11 16 13
18 2 3 15 8 14
6 2 1 4
15 0 1 7
8 1 1 10
4 0 1 5
5 2 0
11 3 1 3
7 0 2 17 1
10 1 0
16 2 1 2
13 2 0
14 0 1 12
2 1 0
17 0 0
1 2 0
12 0 0
3 0 0
16
16 1 1 1
1 0 2 8 9
8 0 3 12 4 3
12 1 2 14 2
4 0 1 15
14 1 1 6
15 2 2 5 10
6 0 1 13
9 1 0
2 2 0
13 1 0
3 2 0
5 1 1 11
10 1 1 7
11 1 0
7 2 0
21
12 1 4 16 2 6 20
16 2 3 3 8 21
3 0 2 11 13
2 0 1 7
8 0 0
11 1 3 9 10 5
13 2 1 19
9 0 0
6 0 1 15
10 0 0
19 0 0
5 1 0
7 0 1 18
18 1 1 4
21 4 1 1
4 1 1 17
15 1 1 14
14 2 0
20 2 0
1 2 0
17 1 0
7
5 2 1 2
2 1 2 1 6
1 0 2 3 7
3 0 1 4
6 1 0
4 1 0
7 2 0
13
8 1 2 7 13
7 0 3 12 4 6
12 1 1 2
4 0 0
13 1 2 10 11
10 1 1 1
6 1 0
2 0 1 5
5 2 1 9
9 2 0
1 2 1 3
3 1 0
11 1 0
35
18 2 5 1 22 14 12 17
1 1 1 8
22 1 6 7 15 26 16 19 13
14 1 4 4 24 5 31
4 2 2 21 3
21 2 1 35
24 1 1 25
8 2 1 23
7 2 0
25 1 2 6 11
12 1 1 27
15 0 0
35 0 0
27 1 2 10 28
5 0 1 9
31 0 0
26 0 2 34 30
16 0 0
6 0 1 20
17 3 1 2
2 0 2 29 32
20 0 0
3 0 0
29 1 0
34 1 0
10 2 1 33
9 1 0
33 0 0
28 3 0
11 2 0
19 1 0
32 2 0
30 0 0
23 2 0
13 0 0
32
11 1 2 1 6
1 0 4 19 22 28 15
6 2 1 17
19 1 1 8
17 1 4 26 25 4 29
22 0 1 31
26 1 2 30 7
31 1 2 13 10
25 0 2 5 3
28 2 0
15 1 0
5 0 4 21 12 14 20
30 3 1 27
13 2 2 2 32
8 1 1 18
21 0 0
18 2 0
4 0 1 16
12 0 0
16 0 1 9
14 0 0
2 0 1 24
9 2 0
7 0 1 23
10 2 0
20 1 0
23 1 0
29 3 0
32 2 0
3 1 0
24 1 0
27 1 0
40
12 1 5 36 23 29 33 28
36 0 3 4 32 2
23 0 6 13 14 21 6 35 1
13 1 3 16 18 31
16 2 0
29 2 2 8 11
33 2 1 9
18 2 3 38 27 25
8 2 1 40
4 3 3 37 22 20
14 1 1 10
38 0 0
40 0 0
37 1 0
28 0 2 34 7
27 2 2 26 24
32 2 1 39
26 0 1 17
31 1 0
21 0 2 3 30
39 3 0
25 0 0
6 1 1 5
3 0 0
22 0 0
35 1 0
10 0 0
5 0 0
30 1 0
11 0 0
1 0 1 15
9 0 1 19
19 2 0
24 0 0
20 1 0
34 2 0
2 2 0
17 1 0
15 2 0
7 2 0
14
5 0 2 7 13
7 0 1 4
13 3 2 11 8
4 0 0
11 2 2 9 6
9 3 1 10
6 1 1 3
10 1 2 12 1
3 0 2 14 2
12 1 0
14 0 0
8 2 0
1 0 0
2 1 0
9
8 1 2 9 7
9 1 1 6
6 1 2 5 3
7 0 0
5 3 1 4
4 0 1 2
2 1 1 1
1 1 0
3 1 0
19
9 1 4 5 13 16 10
5 1 1 2
13 1 3 3 17 8
3 1 2 4 1
17 0 2 6 18
6 4 0
18 2 2 11 12
2 0 0
11 0 3 7 15 19
8 0 1 14
12 2 0
7 1 0
14 0 0
15 0 0
16 1 0
4 0 0
10 1 0
1 2 0
19 2 0
38
23 0 4 4 32 5 10
4 1 3 35 7 11
35 0 5 36 30 29 21 19
7 1 2 28 13
36 1 3 6 22 14
28 2 0
32 1 4 15 38 2 24
15 0 2 17 12
38 0 2 8 18
6 0 3 20 27 31
30 2 1 34
8 1 1 1
34 1 0
17 1 0
2 0 0
5 1 2 9 33
12 2 0
10 2 0
11 4 0
24 0 1 3
9 0 0
33 2 0
18 1 1 37
29 0 1 26
13 2 1 16
22 3 0
16 0 0
21 0 0
14 3 0
20 2 0
27 0 0
26 0 0
3 1 0
31 1 0
1 0 0
19 2 1 25
25 0 0
37 1 0
14
13 2 2 9 7
9 1 2 11 14
11 1 5 12 2 3 5 10
12 3 2 8 4
2 1 1 6
6 0 0
8 1 0
3 1 0
5 0 0
7 0 0
10 1 1 1
4 0 0
1 1 0
14 2 0
18
8 3 3 3 16 7
3 1 3 4 11 13
4 0 3 6 17 10
11 2 0
6 1 1 9
9 2 2 2 5
2 1 1 1
17 0 1 14
10 2 0
5 1 2 12 15
12 1 0
13 0 0
16 1 1 18
7 0 0
14 1 0
18 0 0
1 2 0
15 0 0
17
6 0 4 15 5 17 10
15 2 0
5 2 1 2
17 1 3 1 8 14
1 1 5 12 16 9 13 7
12 1 1 11
8 1 0
16 0 1 3
9 0 0
13 0 1 4
11 2 0
10 2 0
2 2 0
14 0 0
4 0 0
3 1 0
7 2 0
15
5 0 2 11 15
11 2 3 2 1 7
15 2 3 10 4 3
2 1 3 14 12 6
14 0 1 13
1 2 1 8
10 0 1 9
7 0 0
4 1 0
12 1 0
3 0 0
13 1 0
8 2 0
6 2 0
9 1 0
23
17 3 3 1 7 5
1 1 3 21 6 18
21 1 2 9 3
7 1 4 11 15 23 8
11 2 2 14 20
15 1 2 19 10
6 0 0
18 1 0
5 0 0
19 1 1 13
10 0 2 16 4
23 2 0
8 2 1 22
9 0 0
22 2 0
14 0 0
16 0 2 2 12
2 0 0
20 3 0
12 0 0
13 1 0
4 1 0
3 1 0
40
33 0 3 17 16 10
17 1 2 20 15
20 0 0
16 1 6 38 9 24 30 3 34
38 1 1 32
10 1 0
9 0 4 36 7 8 37
32 0 2 29 6
24 0 1 11
15 1 1 31
31 3 2 19 27
36 1 3 39 40 23
30 0 2 2 4
2 2 0
19 1 1 18
7 1 1 1
11 1 0
39 3 1 21
8 0 1 25
4 0 0
18 1 2 22 13
3 0 0
27 0 2 12 14
40 2 0
12 1 0
23 0 1 35
25 3 2 5 26
29 1 0
5 2 0
1 2 0
37 2 0
26 1 0
34 1 0
35 0 0
14 1 1 28
21 2 0
6 1 0
28 1 0
22 1 0
13 1 0
32
19 1 6 16 31 12 23 2 6
16 1 4 11 21 14 32
31 2 1 26
26 2 3 27 10 9
27 1 0
12 2 1 15
11 4 3 24 25 1
15 1 1 30
24 1 2 8 18
10 0 2 28 4
28 1 0
23 1 1 3
30 1 0
21 0 1 17
2 0 0
3 1 1 13
17 1 0
25 1 2 7 29
7 1 1 20
8 0 0
14 0 0
29 1 1 22
20 3 0
18 1 0
22 1 0
6 1 1 5
4 1 0
1 1 0
32 0 0
13 0 0
9 1 0
5 0 0
12
8 1 3 5 3 2
5 0 2 11 4
11 2 4 7 1 9 12
7 1 0
3 1 0
1 1 0
9 1 1 6
12 1 1 10
6 0 0
2 1 0
10 1 0
4 2 0
40
7 3 4 16 26 24 27
16 0 4 33 32 30 3
33 1 3 5 12 8
26 2 4 21 19 37 22
5 0 2 40 9
21 1 2 2 17
40 0 0
9 2 1 35
19 2 1 18
12 0 0
24 1 2 14 10
32 1 1 1
18 1 1 20
37 3 1 28
27 2 0
35 0 1 15
28 2 1 29
20 1 0
22 1 0
30 0 0
1 0 1 4
8 0 0
14 0 3 11 25 34
2 1 1 13
17 0 2 23 39
11 0 0
23 1 0
25 2 3 6 38 31
4 0 0
13 2 0
6 0 0
10 2 0
38 2 0
15 4 0
29 2 1 36
34 0 0
36 0 0
39 0 0
3 1 0
31 0 0
34
34 0 1 4
4 0 5 27 18 26 3 19
27 2 6 20 33 12 6 17 7
18 1 1 5
20 1 2 21 9
5 2 1 13
26 1 3 2 16 32
3 1 0
33 2 0
2 1 0
12 0 2 23 29
23 0 0
21 0 2 25 31
25 1 1 11
6 2 0
17 1 1 1
7 2 0
9 1 0
16 2 2 24 15
32 1 0
1 1 1 28
24 1 1 22
19 0 0
15 1 2 10 8
10 1 1 30
22 2 0
31 1 0
8 0 0
29 2 0
28 0 1 14
14 2 0
30 1 0
13 0 0
11 1 0
5
4 1 3 1 5 3
1 2 0
5 0 0
3 1 1 2
2 1 0
25
15 1 4 17 18 3 20
17 0 4 21 2 16 23
21 0 1 25
2 0 1 12
16 2 1 14
23 2 2 8 10
8 0 1 6
12 2 2 1 11
18 0 1 7
14 3 1 9
6 2 1 19
3 1 2 22 5
20 0 0
10 0 0
1 2 2 4 13
4 1 0
7 0 0
19 2 0
11 2 0
9 0 0
22 1 1 24
13 4 0
5 0 0
25 0 0
24 0 0
38
6 0 7 33 24 8 37 20 18 29
33 2 4 38 7 2 28
38 0 3 9 11 34
7 1 1 23
23 0 2 25 26
24 1 1 3
2 1 0
3 2 2 35 10
8 1 2 27 19
35 0 3 12 36 15
28 0 0
10 2 2 5 14
37 2 1 30
20 0 0
18 1 1 13
12 0 1 1
9 1 0
36 0 0
15 3 0
11 1 0
5 2 2 16 32
13 0 3 31 4 21
25 1 0
31 0 0
1 3 0
16 0 0
14 1 1 17
29 0 0
26 1 0
4 1 0
34 0 0
27 6 1 22
19 0 0
22 1 0
30 2 0
32 0 0
21 0 0
17 2 0
31
9 2 4 6 23 8 14
6 0 3 5 15 19
23 0 3 10 31 12
5 0 3 29 24 27
8 2 4 11 13 25 18
10 0 3 1 17 26
29 0 0
11 4 1 2
24 1 1 16
2 3 1 22
31 1 2 4 7
1 2 0
12 1 0
15 0 2 21 30
21 0 0
22 1 1 3
4 0 0
27 2 0
17 1 0
13 1 0
3 0 0
30 1 0
14 1 0
7 2 1 20
25 0 0
16 0 1 28
26 1 0
28 2 0
18 0 0
20 2 0
19 1 0
27
6 3 2 17 13
17 1 2 9 18
9 0 5 5 26 12 19 10
5 0 1 16
26 2 1 7
12 0 2 23 22
23 2 3 8 14 11
7 0 2 3 1
16 1 0
18 1 1 25
3 0 1 27
19 0 0
10 1 3 20 21 4
8 2 0
27 2 0
1 1 1 2
25 0 1 24
20 1 0
21 0 0
4 2 1 15
15 1 0
14 4 0
11 0 0
24 0 0
13 1 0
2 1 0
22 1 0
31
20 1 4 2 31 24 28
2 0 4 29 15 30 11
29 1 1 14
15 0 0
31 1 2 21 6
21 2 2 22 10
24 1 1 9
14 1 0
22 0 2 3 25
6 2 1 16
30 1 1 5
28 1 1 23
9 0 0
10 0 0
3 3 2 8 26
11 2 1 1
23 2 0
5 0 0
25 2 2 13 12
16 0 1 4
13 1 2 18 19
8 2 1 7
12 0 1 27
18 1 1 17
26 1 0
1 1 0
4 2 0
7 0 0
17 2 0
27 0 0
19 1 0
32
13 3 3 15 20 26
15 1 3 18 31 16
18 1 2 28 23
31 0 4 32 4 7 2
32 0 1 10
4 1 1 17
28 2 0
7 0 2 29 25
10 2 3 30 9 21
30 0 1 1
20 1 0
29 1 2 3 19
1 2 2 12 24
12 2 0
9 0 0
2 1 1 27
3 1 1 5
27 0 1 6
16 2 0
19 2 0
21 1 0
24 0 1 14
6 0 0
26 1 3 8 11 22
17 0 0
8 2 0
11 1 0
14 0 0
25 3 0
23 1 0
22 1 0
5 0 0
29
17 1 1 6
6 1 5 21 15 16 10 12
21 0 2 19 23
15 1 2 29 25
16 0 2 4 9
29 1 3 18 28 8
19 0 0
4 1 3 13 2 11
10 0 2 14 24
18 0 2 5 26
13 0 2 1 3
5 2 0
23 0 0
28 0 0
2 1 0
8 1 1 22
25 0 0
12 3 0
1 3 1 7
9 0 0
26 2 0
11 0 0
7 3 0
14 0 0
3 3 1 20
20 1 1 27
27 1 0
22 3 0
24 1 0
13
11 0 4 3 8 4 6
3 1 2 1 9
8 0 0
1 2 4 12 10 5 7
9 0 0
12 2 0
10 0 1 13
5 1 0
4 3 0
7 2 0
13 2 0
6 0 1 2
2 0 0
5
4 1 1 2
2 1 2 1 5
1 1 1 3
3 0 0
5 2 0
7
5 1 1 2
2 1 3 1 7 4
1 0 0
7 3 1 6
6 1 1 3
4 1 0
3 0 0
30
24 0 5 7 25 27 2 26
7 1 3 6 18 21
25 2 2 12 17
27 2 2 16 15
6 1 3 11 9 20
12 0 3 1 8 28
11 0 0
1 1 0
8 0 2 30 29
9 0 0
18 0 0
2 0 2 13 5
13 2 2 22 23
22 1 0
26 1 0
30 0 1 10
17 1 0
28 2 0
23 2 1 3
10 2 0
21 0 1 19
16 2 0
15 0 0
29 0 1 4
20 0 1 14
4 1 0
14 4 0
3 4 0
19 0 0
5 1 0
17
8 1 4 16 1 12 15
16 1 3 9 5 13
1 1 2 2 10
9 0 1 11
12 1 0
2 3 3 7 6 3
7 2 1 17
11 0 0
17 3 0
15 1 0
5 2 1 14
6 0 0
3 1 1 4
4 0 0
10 1 0
14 0 0
13 0 0
40
25 0 5 33 31 27 40 5
33 1 1 17
31 0 3 24 11 12
27 0 2 21 18
40 2 4 29 20 35 26
29 0 3 19 3 9
24 1 1 15
20 0 0
5 3 0
11 1 0
17 1 0
19 1 1 1
12 0 3 14 30 13
3 0 2 6 39
6 0 0
15 0 1 38
14 1 1 28
28 2 0
30 2 2 34 22
34 1 1 23
9 1 1 2
35 2 1 37
38 0 0
21 1 0
2 2 2 7 8
13 1 0
37 2 1 4
26 2 0
4 0 2 16 32
18 3 0
7 0 1 36
39 2 0
1 3 0
36 1 0
8 2 0
22 0 0
16 1 1 10
10 0 0
32 1 0
23 0 0
6
5 3 2 3 2
3 2 3 1 6 4
2 0 0
1 1 0
6 0 0
4 0 0
10
8 3 3 2 4 7
2 0 2 1 10
1 1 0
4 1 0
7 0 1 9
10 1 0
9 1 1 6
6 1 2 3 5
3 0 0
5 2 0
34
4 2 4 21 6 25 23
21 1 6 28 13 19 14 33 17
6 1 1 10
25 0 2 20 9
28 0 2 22 1
13 1 1 3
3 2 2 32 34
19 1 0
32 2 4 27 24 15 8
14 1 1 7
33 2 0
20 0 1 31
27 1 0
31 0 0
22 0 2 18 16
24 0 2 11 2
17 0 0
23 0 0
15 1 1 30
9 1 0
34 1 3 5 26 12
18 0 0
30 1 0
16 3 0
5 1 1 29
26 2 0
11 2 0
2 1 0
29 0 0
1 2 0
10 0 0
7 2 0
12 3 0
8 0 0
21
12 1 5 11 10 3 7 21
11 0 1 5
10 0 2 4 17
4 1 1 14
17 1 0
3 1 3 9 15 18
9 0 0
7 1 0
15 1 3 20 1 8
20 0 0
21 3 0
1 2 0
5 1 2 16 6
8 2 0
14 0 1 2
18 3 2 13 19
13 0 0
16 1 0
2 1 0
19 0 0
6 2 0
24
24 2 5 16 23 20 5 15
16 0 0
23 2 1 4
20 2 1 22
5 0 3 7 6 8
22 0 3 14 19 11
4 2 2 13 10
13 1 1 12
15 1 0
7 1 1 1
14 0 0
10 1 0
19 0 1 17
6 0 0
11 2 2 9 3
17 2 0
12 0 0
1 2 1 2
9 2 0
2 0 2 21 18
21 2 0
3 0 0
18 1 0
8 1 0
22
19 0 3 18 20 10
18 3 3 11 12 13
20 3 2 2 22
11 1 4 7 1 15 5
7 1 1 9
12 0 1 14
1 1 2 8 6
10 0 0
9 1 0
15 1 0
14 2 3 3 21 16
8 1 1 4
3 2 1 17
13 0 0
17 1 0
4 0 0
5 1 0
21 0 0
16 1 0
6 2 0
2 0 0
22 1 0
39
21 1 1 14
14 0 5 32 10 27 30 7
32 1 3 12 8 22
10 1 2 11 16
27 0 2 39 35
12 0 2 23 19
8 1 2 28 18
28 3 1 24
39 3 0
18 4 0
24 0 1 13
23 0 0
19 0 2 6 33
6 0 1 5
13 1 2 29 36
5 3 1 1
33 1 0
29 0 1 2
11 1 4 25 17 15 20
25 0 0
36 2 1 26
17 2 2 37 4
15 1 1 3
26 0 1 38
38 0 0
22 2 0
2 2 1 9
35 2 1 34
30 0 0
7 1 0
9 3 0
20 0 0
3 0 0
16 0 0
1 0 0
37 2 1 31
4 0 0
34 1 0
31 1 0
3
2 1 2 1 3
1 1 0
3 1 0
30
7 0 6 11 25 6 14 5 10
11 1 1 17
25 1 1 27
17 1 2 15 22
6 0 3 28 29 23
15 1 1 8
14 1 4 12 13 19 26
28 0 1 1
5 1 0
29 1 0
12 2 0
10 1 1 2
22 1 0
13 1 2 20 24
8 2 0
1 2 1 21
23 2 1 9
9 0 1 16
27 1 1 4
16 2 0
19 2 1 30
26 2 0
21 0 0
4 1 2 3 18
3 1 0
20 2 0
30 0 0
18 1 0
2 0 0
24 0 0
37
9 2 1 4
4 0 4 33 12 3 11
33 0 3 14 6 10
12 2 4 31 2 37 17
31 0 1 16
2 0 2 36 29
14 1 1 30
30 0 5 35 28 23 21 34
35 2 3 25 27 20
28 3 1 13
25 1 2 26 15
27 0 1 5
23 0 1 24
20 1 1 18
13 2 0
3 2 0
36 1 2 22 19
21 0 1 8
5 1 1 7
26 1 0
11 1 1 1
34 1 0
37 0 0
8 1 0
24 0 0
15 0 0
29 1 0
17 2 0
18 0 0
7 1 1 32
22 2 0
6 0 0
19 0 0
10 2 0
16 3 0
1 3 0
32 1 0
15
6 1 2 10 9
10 1 2 7 8
7 1 2 11 15
8 1 2 4 13
9 2 2 3 1
4 0 1 14
13 0 0
11 3 1 2
2 0 1 5
15 1 1 12
5 1 0
3 0 0
14 0 0
1 2 0
12 2 0
18
3 2 4 4 1 13 11
4 1 3 10 7 15
1 1 3 12 9 16
13 0 1 8
8 1 1 14
12 2 0
9 1 1 18
10 1 2 5 6
5 1 0
11 1 1 2
18 0 0
16 0 1 17
14 1 0
7 0 0
15 3 0
2 1 0
17 1 0
6 1 0
39
22 1 4 38 23 21 10
38 2 4 5 25 17 33
23 1 1 29
21 1 5 16 9 4 39 7
16 1 4 26 11 27 30
26 0 3 8 36 20
11 1 3 32 34 24
5 0 0
9 0 1 19
8 2 0
10 2 0
32 1 1 14
4 1 0
36 0 1 31
25 1 0
39 1 0
34 1 1 28
27 3 0
31 0 1 12
14 2 1 3
12 1 1 13
13 0 0
30 1 0
17 2 0
33 0 1 6
7 3 2 37 18
28 1 0
3 0 1 35
20 0 0
37 0 1 1
24 0 0
6 0 0
35 0 1 2
18 0 0
29 2 0
19 1 0
1 2 1 15
15 3 0
2 2 0
37
18 0 4 6 14 36 30
6 3 3 31 3 20
31 4 5 10 19 8 33 12
3 1 0
10 2 4 34 27 22 25
14 1 1 21
19 0 1 1
20 0 1 16
34 1 1 9
27 0 1 35
35 3 0
8 2 1 15
21 1 4 5 26 13 7
36 0 2 4 2
15 1 0
30 1 2 11 24
5 2 2 37 28
1 2 0
33 0 1 32
4 1 0
2 1 0
32 2 1 23
23 0 0
16 0 0
37 1 0
26 1 1 29
29 0 0
28 0 0
13 2 1 17
9 2 0
11 0 0
12 1 0
22 0 0
25 0 0
7 0 0
24 1 0
17 1 0
29
2 3 3 9 15 11
9 1 5 10 14 18 4 12
10 2 0
14 1 3 24 29 5
24 1 1 16
29 1 4 27 6 19 1
15 1 2 25 23
18 0 2 26 17
25 0 2 7 3
27 1 0
26 0 1 8
7 1 2 13 20
6 2 0
5 0 0
3 0 0
13 0 1 22
19 1 0
8 2 0
23 0 0
4 1 0
16 1 0
17 1 1 28
22 3 1 21
1 1 0
11 1 0
21 1 0
20 1 0
28 1 0
12 1 0
12
8 1 2 7 4
7 3 6 5 11 3 6 12 2
5 4 0
11 0 2 9 1
9 0 0
1 0 0
3 0 0
6 1 1 10
12 0 0
4 0 0
10 2 0
2 1 0
39
32 1 6 12 8 15 10 21 2
12 2 6 33 25 17 19 20 28
33 0 1 29
25 1 2 24 34
17 1 1 23
24 1 3 27 38 22
8 4 1 3
27 0 0
19 0 1 6
20 1 4 7 26 14 16
7 0 3 30 35 37
26 1 0
38 1 0
30 2 0
35 1 1 13
14 1 0
22 1 2 5 18
3 0 0
23 0 0
34 1 0
6 1 0
15 0 0
10 1 0
29 4 0
21 1 1 11
5 0 1 4
16 1 2 31 36
2 0 1 39
11 1 0
31 0 0
37 0 0
18 1 1 9
13 3 1 1
9 0 0
1 4 0
4 1 0
39 1 0
28 1 0
36 0 0
29
4 0 5 18 25 12 8 3
18 2 3 20 7 11
25 1 2 14 1
14 0 1 5
20 0 1 27
5 0 2 26 2
12 1 2 9 16
7 0 0
26 2 3 10 6 19
10 1 3 23 28 22
27 1 1 21
11 4 2 29 17
8 2 0
21 3 1 24
29 2 0
2 1 1 15
15 1 0
23 0 0
9 3 0
24 1 1 13
13 0 0
3 0 0
1 0 0
6 0 0
17 1 0
28 1 0
22 1 0
19 0 0
16 1 0
32
20 1 4 8 24 32 28
8 0 1 19
24 1 3 31 16 21
31 1 3 14 13 22
32 0 4 1 4 18 10
14 3 0
1 1 1 12
13 2 3 23 11 7
22 2 0
23 1 1 9
12 1 2 17 3
11 2 1 29
4 0 1 30
7 1 1 25
16 1 1 15
18 0 1 5
17 1 2 26 27
5 1 0
15 0 0
28 3 1 2
30 2 1 6
19 2 0
6 0 0
3 2 0
2 1 0
21 0 0
9 1 0
26 0 0
25 1 0
10 1 0
29 0 0
27 0 0
13
10 1 5 13 2 12 3 4
13 3 0
2 2 0
12 0 0
3 1 3 5 6 8
5 1 0
6 1 0
4 0 1 1
1 0 2 7 11
7 0 0
8 2 1 9
9 2 0
11 0 0
36
2 0 3 16 21 33
16 0 2 23 7
21 0 6 17 29 28 24 4 34
17 0 2 31 27
23 4 3 32 30 36
29 1 0
33 1 0
31 2 4 35 18 11 15
27 2 0
35 0 2 14 1
32 2 0
18 1 1 20
11 1 0
15 1 5 22 12 10 26 8
22 1 0
12 1 2 25 5
28 0 1 6
14 1 0
25 0 0
10 2 1 9
9 0 1 19
24 3 0
5 1 0
4 0 0
30 0 0
1 1 0
6 1 1 13
20 1 0
19 0 0
34 1 1 3
36 1 0
13 0 0
26 1 0
3 1 0
8 4 0
7 1 0
18
11 0 4 5 7 9 17
5 1 4 13 12 15 16
7 0 1 4
13 1 2 2 3
2 2 2 6 14
4 0 1 1
12 0 1 10
6 4 1 18
9 0 0
3 1 1 8
14 3 0
8 1 0
18 0 0
1 1 0
10 0 0
15 0 0
16 3 0
17 1 0
29
15 1 4 8 10 24 16
8 0 3 26 29 11
10 0 2 19 9
19 2 2 23 4
26 3 4 25 20 22 2
25 0 3 1 5 7
29 1 0
1 1 2 3 21
20 1 2 27 28
23 1 0
22 0 0
27 1 2 17 12
3 0 0
28 0 1 13
21 1 0
4 1 0
5 0 0
11 3 1 18
7 1 0
2 1 0
9 4 1 14
24 1 0
17 3 0
16 2 0
14 0 0
13 0 1 6
12 0 0
6 0 0
18 1 0
20
6 0 4 15 16 18 7
15 1 3 3 14 20
3 0 2 17 1
17 2 2 10 5
10 3 2 12 19
14 1 0
16 1 1 8
5 1 0
8 2 0
1 2 0
18 0 1 11
12 1 3 4 9 13
11 0 0
4 2 0
9 0 0
20 1 1 2
19 1 0
13 0 0
7 1 0
2 1 0
28
19 2 4 17 13 7 23
17 1 4 15 26 10 18
13 0 3 9 27 4
7 1 1 25
15 0 1 20
20 0 1 11
9 2 2 8 6
26 0 2 14 2
27 1 0
14 1 2 1 5
2 1 0
10 4 1 22
4 1 0
23 2 0
25 1 0
8 0 0
6 1 1 21
22 1 0
21 0 0
11 0 3 24 12 16
24 0 0
18 1 1 28
1 1 0
12 0 0
5 2 0
16 1 1 3
3 2 0
28 2 0
29
5 1 3 24 1 22
24 1 6 20 12 16 23 19 14
20 1 3 15 8 21
1 2 2 2 17
15 1 2 28 6
28 0 1 11
2 2 3 4 7 3
4 1 0
11 1 0
12 1 1 9
6 1 0
16 0 0
23 0 2 29 18
29 0 2 13 25
8 1 0
18 1 1 10
19 1 0
14 2 0
7 1 0
9 1 0
13 0 0
17 0 0
10 2 0
21 1 0
25 1 1 26
26 3 0
3 2 1 27
22 0 0
27 1 0
22
14 0 3 21 11 19
21 1 4 6 18 2 13
6 1 3 5 9 7
5 0 1 20
11 2 3 8 16 10
20 1 0
18 0 3 3 4 22
19 0 1 17
3 1 2 1 15
17 0 0
8 3 0
16 1 0
2 0 0
4 1 1 12
10 0 0
9 2 0
1 4 0
22 1 0
12 1 0
13 1 0
7 2 0
15 0 0
10
6 0 3 9 5 2
9 1 1 8
5 2 4 1 4 7 10
1 1 0
8 2 0
4 0 0
7 2 0
10 1 1 3
3 0 0
2 1 0
37
32 1 5 3 20 23 1 18
3 1 5 13 9 4 15 27
20 1 4 26 12 21 7
23 0 3 24 33 6
13 1 2 35 28
26 1 2 37 22
9 1 2 2 10
4 0 1 16
37 0 1 30
16 1 1 29
2 2 1 11
15 0 2 34 19
35 1 1 25
25 1 1 31
24 0 1 36
34 2 0
28 1 0
12 0 0
11 1 0
19 3 0
1 2 1 17
10 0 1 14
27 1 0
33 2 0
36 0 1 5
31 1 0
21 1 0
17 3 0
29 1 0
30 1 0
7 0 0
5 2 1 8
8 0 0
18 1 0
14 0 0
6 1 0
22 3 0
15
11 1 1 5
5 1 4 4 7 12 8
4 2 3 15 14 1
7 1 3 6 9 13
12 1 1 3
8 1 0
15 2 0
14 1 0
6 1 0
9 1 1 2
1 1 0
3 1 0
2 0 0
13 0 1 10
10 1 0
39
27 1 2 34 18
34 2 4 28 15 22 7
28 0 4 10 39 36 1
15 0 3 38 3 17
10 1 1 9
9 2 2 12 16
39 0 2 4 24
38 2 1 13
36 2 1 29
18 1 1 14
1 1 1 5
29 1 1 20
12 2 2 19 33
4 0 2 37 21
19 2 0
37 1 0
14 0 1 32
13 2 3 30 31 11
32 1 2 23 26
5 0 0
24 0 1 8
3 1 1 25
20 0 0
33 0 1 35
35 2 1 6
17 2 1 2
8 0 0
22 1 0
23 0 0
6 4 0
26 2 0
7 0 0
30 3 0
25 1 0
21 0 0
2 1 0
31 1 0
16 0 0
11 0 0
40
33 2 3 21 13 23
21 3 5 6 10 7 1 38
6 2 5 14 34 19 26 30
14 1 2 27 9
34 0 3 2 16 24
27 1 3 5 25 11
2 0 2 17 8
10 0 2 15 40
17 2 1 22
16 0 1 31
15 0 0
24 0 2 28 4
9 1 1 3
31 3 1 20
19 3 0
26 0 0
8 1 1 12
5 1 2 36 37
25 1 0
30 1 0
13 3 2 35 32
12 2 1 39
3 1 1 29
36 2 0
7 0 0
20 0 0
11 2 0
1 0 0
38 1 0
39 0 0
23 0 0
35 0 0
37 1 1 18
40 2 0
28 1 0
22 0 0
18 2 0
32 1 0
4 0 0
29 0 0
9
8 0 1 4
4 1 2 1 2
1 0 0
2 0 3 9 3 7
9 3 2 6 5
3 1 0
6 0 0
7 4 0
5 0 0
11
11 1 2 4 10
4 2 2 2 7
2 0 2 1 3
7 2 1 8
1 1 0
8 2 2 5 9
5 1 0
9 0 0
3 1 1 6
6 0 0
10 1 0
34
30 1 3 9 14 4
9 1 4 10 6 27 33
14 1 3 34 25 22
10 2 2 11 17
34 1 2 23 13
4 0 0
6 1 2 26 31
11 1 4 15 19 24 7
25 0 1 16
27 0 1 29
15 1 1 3
19 2 2 1 2
29 0 2 28 5
28 4 0
1 1 2 18 20
23 2 0
5 1 0
17 0 0
16 1 2 12 8
18 1 0
24 0 0
2 2 1 21
13 2 0
3 0 0
22 2 1 32
20 1 0
12 1 0
32 1 0
7 2 0
33 1 0
26 1 0
8 0 0
21 0 0
31 0 0
8
7 0 3 8 5 1
8 1 2 3 4
3 2 1 2
5 2 1 6
4 1 0
2 1 0
1 1 0
6 0 0
8
8 0 3 3 5 6
3 0 1 2
5 0 0
2 3 2 7 1
7 0 1 4
1 2 0
6 2 0
4 1 0
13
10 1 4 11 3 4 12
11 2 0
3 3 2 5 2
5 0 2 1 13
2 2 2 7 6
1 2 0
7 1 1 9
4 0 0
13 2 1 8
12 0 0
6 0 0
8 0 0
9 0 0
19
5 2 2 13 3
13 0 1 1
3 1 2 12 2
12 0 1 7
2 2 3 15 18 8
1 0 1 17
7 2 2 9 11
9 0 2 4 16
17 0 0
15 0 1 14
4 1 1 10
11 1 0
18 4 0
8 0 0
10 1 2 19 6
19 1 0
16 3 0
6 0 0
14 1 0
38
2 1 6 5 30 9 17 12 34
5 1 5 22 8 24 3 32
22 0 3 29 4 27
8 1 1 11
30 1 2 7 16
29 0 3 6 36 14
9 0 1 35
24 0 1 13
4 1 1 21
6 0 2 25 20
13 2 0
35 2 0
17 2 2 28 15
28 0 0
3 1 0
25 0 0
12 1 0
7 2 2 18 19
36 2 1 26
11 0 0
34 1 2 38 31
38 2 1 23
18 3 1 33
33 0 0
16 0 0
14 0 0
23 1 1 1
31 1 0
21 0 0
15 1 1 37
32 2 0
27 0 0
1 2 0
37 3 1 10
10 1 0
20 3 0
26 0 0
19 1 0
21
13 0 5 20 9 10 6 7
20 1 0
9 2 4 15 12 18 14
10 0 1 21
6 0 3 8 16 3
15 1 1 17
12 2 1 2
8 1 0
16 1 0
3 1 1 5
7 1 2 4 11
17 1 2 19 1
2 1 0
21 1 0
19 3 0
1 2 0
18 0 0
4 2 0
14 1 0
11 0 0
5 0 0
6
5 3 2 4 2
4 1 2 1 6
2 2 1 3
1 0 0
6 0 0
3 0 0
32
18 0 7 20 11 19 3 5 9 15
20 0 1 30
30 1 2 10 27
11 0 2 16 25
16 1 3 26 31 7
10 0 3 1 6 28
19 0 2 29 22
25 1 0
3 2 2 23 32
26 5 0
1 1 3 13 24 14
6 0 0
5 2 0
29 2 1 2
2 1 1 17
31 3 1 21
9 1 0
13 2 0
24 1 0
22 2 0
14 0 0
23 0 1 8
32 1 0
28 1 1 4
27 1 0
15 0 0
8 1 1 12
21 0 0
17 0 0
12 2 0
7 0 0
4 1 0
27
23 3 4 13 4 20 19
13 1 3 15 22 3
4 0 3 10 24 9
20 0 1 7
15 1 2 14 16
10 1 2 6 2
24 1 2 5 26
5 1 0
9 2 0
7 1 1 18
26 2 0
14 2 1 11
18 1 3 25 1 27
11 0 0
6 0 2 21 12
22 1 0
19 1 0
21 1 2 8 17
3 5 0
2 1 0
25 1 0
1 0 0
8 0 0
17 1 0
16 0 0
12 0 0
27 0 0
30
6 2 4 9 4 14 16
9 1 5 1 8 15 13 11
1 2 3 26 27 7
4 0 1 5
8 1 1 2
14 2 4 12 22 30 24
15 1 0
26 2 1 3
2 3 0
3 2 2 21 18
12 0 0
16 1 1 23
27 0 1 10
13 0 1 17
22 1 1 19
10 1 0
23 1 1 29
30 1 0
7 1 1 20
5 0 0
11 1 1 25
17 0 1 28
19 1 0
21 0 0
28 0 0
18 2 0
25 0 0
29 2 0
20 0 0
24 2 0
35
23 3 3 22 19 9
22 2 4 26 7 25 15
26 0 2 18 31
19 1 2 33 35
7 0 0
25 0 1 17
9 1 2 13 24
15 0 1 20
33 0 2 10 30
17 2 1 3
35 0 2 27 21
18 0 2 32 14
27 1 2 11 1
11 2 0
1 1 2 6 28
6 0 0
13 0 2 5 29
28 2 0
10 2 2 34 16
31 0 0
5 1 0
30 3 2 2 8
32 1 0
3 1 1 4
34 1 0
2 0 1 12
4 0 0
20 1 0
21 1 0
8 2 0
29 4 0
16 2 0
24 1 0
12 0 0
14 0 0
36
5 0 2 2 18
2 1 3 4 19 25
4 1 1 13
19 0 4 31 11 23 8
18 0 2 9 30
31 1 0
25 0 2 14 7
9 2 1 15
11 2 2 35 33
35 1 1 24
13 0 1 26
26 0 1 12
15 0 4 28 6 34 21
14 1 1 20
33 2 1 27
28 1 2 1 36
24 1 0
7 2 1 16
1 1 1 17
6 2 1 10
36 0 1 32
32 1 0
20 1 0
16 2 0
12 1 0
23 1 0
27 0 1 29
30 1 2 3 22
34 1 0
29 2 0
10 3 0
8 2 0
17 0 0
3 0 0
22 1 0
21 2 0
12
6 0 3 9 12 2
9 2 2 8 7
12 1 2 1 5
1 0 1 10
2 1 1 11
11 2 1 3
5 1 1 4
8 2 0
7 0 0
10 1 0
4 1 0
3 1 0
4
4 0 2 1 2
1 1 1 3
2 3 0
3 0 0
3
1 2 2 2 3
2 0 0
3 1 0
30
24 0 6 22 18 8 14 6 11
22 1 3 4 15 19
4 1 2 26 23
26 0 3 29 27 17
15 1 0
18 1 1 10
29 1 3 28 1 20
8 3 1 5
27 1 2 2 3
2 2 1 21
21 1 0
14 0 1 7
6 0 0
23 1 1 13
10 1 1 30
17 0 0
30 3 0
5 1 0
3 1 1 12
7 0 2 16 9
28 0 0
11 2 0
13 0 0
16 1 0
19 2 0
12 0 0
1 1 0
9 1 1 25
25 3 0
20 1 0
13
4 1 3 9 3 7
9 0 1 13
13 0 5 5 10 11 2 8
5 0 1 1
3 1 0
1 2 1 12
10 3 1 6
12 2 0
6 1 0
7 0 0
11 2 0
2 1 0
8 0 0
30
30 2 3 9 29 1
9 1 1 17
17 1 3 20 7 3
29 1 3 5 28 18
20 1 4 24 6 12 27
24 0 2 19 13
6 1 1 8
19 0 0
8 1 2 21 25
21 3 1 11
1 0 1 23
11 0 1 26
5 1 2 22 15
28 1 0
22 1 0
25 1 1 10
7 0 1 2
26 3 0
3 1 2 4 16
10 0 0
15 0 0
2 2 1 14
13 0 0
12 1 0
4 1 0
23 1 0
18 1 0
14 2 0
27 0 0
16 3 0
22
18 3 7 6 3 22 9 4 11 15
6 2 3 13 7 5
3 1 1 17
17 1 2 14 12
13 0 0
7 0 1 19
22 3 1 10
14 1 2 1 8
10 0 0
9 2 0
19 2 0
4 1 0
12 1 0
1 1 0
11 0 1 16
5 1 1 21
21 1 1 20
8 0 0
16 1 0
15 0 1 2
20 1 0
2 0 0
20
5 1 3 4 7 10
4 1 5 19 12 6 18 20
19 2 0
12 1 4 8 14 15 17
8 1 2 16 13
14 1 0
7 0 1 3
16 2 2 9 2
10 0 1 11
9 0 0
11 1 1 1
1 1 0
15 0 0
6 1 0
13 2 0
17 0 0
18 1 0
20 3 0
3 1 0
2 1 0
30
3 0 9 9 15 25 11 14 16 22 20 2
9 0 2 1 5
15 0 2 13 18
25 0 1 26
11 3 3 30 29 8
14 3 2 7 4
30 3 1 24
1 1 0
7 1 0
24 0 0
16 3 1 21
22 1 1 6
4 1 1 27
13 0 0
29 0 1 12
8 0 1 19
27 1 1 23
21 3 0
12 0 1 10
26 1 1 17
17 0 0
10 1 0
23 1 0
18 1 0
20 2 0
5 1 1 28
28 1 0
6 0 0
2 0 0
19 2 0
32
5 1 2 27 26
27 1 4 31 2 13 20
26 0 0
31 0 4 12 18 7 24
2 1 2 4 10
13 0 3 28 21 32
20 2 1 8
28 0 1 16
21 0 1 19
12 1 2 15 22
15 0 3 9 3 29
9 2 3 1 30 23
32 3 3 17 11 14
17 2 2 25 6
18 1 0
25 0 0
1 2 0
7 0 0
4 0 0
30 2 0
16 2 0
19 0 0
3 0 0
22 1 0
11 3 0
29 2 0
24 1 0
14 0 0
10 0 0
23 2 0
6 3 0
8 0 0
12
2 2 3 12 8 3
12 0 1 5
8 0 1 9
9 0 2 4 6
5 0 3 11 10 7
4 1 0
6 2 1 1
11 1 0
10 1 0
7 3 0
3 2 0
1 0 0
5
2 1 1 1
1 0 2 5 3
5 1 1 4
4 1 0
3 2 0
17
7 2 3 12 1 10
12 1 2 9 11
1 0 1 8
9 1 4 2 17 3 6
2 1 0
8 0 1 15
17 0 1 16
3 0 0
10 1 0
6 1 2 5 4
5 0 0
11 0 2 13 14
13 0 0
16 0 0
4 4 0
14 3 0
15 3 0
0
