30
7 3 10 0 6 9 5 10 10 1 7 3 5 7 8 2 0 6 3 3 6 2 0 1 10 10 0 7 8 5 3 0 3 0 4 9 9 3 7 10 6 9 0 6 3 9 8 0 7 2 4 3 2 10 9 5 7 10 9 8
19
15 14 5 13 11 3 14 16 14 17 18 4 12 2 7 11 8 3 9 15 12 13 15 16 12 10 8 16 20 16 13 20 9 5 9 10 4 17
33
6 3 4 1 8 1 5 1 5 9 8 6 1 9 1 1 8 8 4 2 2 0 9 3 3 5 9 9 10 4 8 4 3 3 5 2 1 3 4 7 6 2 9 5 7 3 3 10 10 8 6 1 1 0 3 5 8 6 5 4 9 4 3 0 8 1
13
20 10 5 6 9 9 10 4 2 15 12 13 15 17 11 16 10 20 14 19 2 19 9 18 5 17
48
9 9 3 10 4 2 0 2 9 0 7 5 7 2 7 8 3 6 5 10 3 8 8 1 9 0 6 4 0 6 2 2 1 4 3 5 3 9 2 4 3 3 3 1 6 6 9 6 8 5 2 10 3 0 10 4 3 6 3 4 2 3 7 4 9 4 4 7 5 2 6 8 4 0 0 6 1 7 2 8 9 9 10 1 6 9 3 10 10 8 7 5 2 6 2 9
22
3 15 9 15 11 14 2 16 3 8 9 20 4 18 13 12 18 2 16 14 2 8 16 16 7 4 5 4 4 20 8 8 5 11 6 20 9 2 10 4 8 11 17 8
39
9 5 7 7 5 7 3 8 7 9 5 0 1 3 5 2 8 10 3 2 7 7 10 7 2 10 5 6 4 8 1 4 10 3 0 0 6 7 6 6 2 10 6 4 3 3 5 10 3 3 4 6 9 2 1 8 3 1 1 9 8 4 3 10 3 9 5 3 3 8 0 5 3 8 3 0 5 2
23
8 12 20 15 4 18 3 12 8 7 12 17 2 17 7 20 8 7 5 15 4 19 14 13 20 14 15 3 18 20 2 2 17 2 11 12 5 16 17 2 11 19 16 19 12 7
46
4 1 10 2 3 8 10 7 10 6 4 7 7 9 5 6 3 1 0 4 1 3 9 6 5 10 7 6 3 9 5 8 7 6 2 1 8 2 1 3 0 9 6 0 9 5 1 1 2 9 1 4 7 0 7 4 6 0 2 3 3 6 0 3 6 6 8 10 7 5 2 2 6 7 5 5 6 6 3 2 5 4 5 8 9 5 8 9 4 2 5 6
21
19 2 3 18 14 5 3 12 13 4 4 2 10 15 20 17 12 9 20 20 14 19 17 11 4 4 13 16 4 16 10 9 18 20 8 3 19 3 16 14 8 5
38
5 6 7 7 0 3 6 2 0 2 1 1 10 7 0 0 10 10 9 0 2 1 0 1 3 1 4 6 3 1 7 7 3 8 6 5 2 1 7 0 2 3 1 10 1 0 5 1 9 5 2 9 2 0 2 1 7 0 6 5 4 8 2 9 7 10 2 2 9 6 4 3 1 3 0 3
5
7 19 20 15 4 5 7 19 3 15
6
3 0 0 0 3 9 2 1 6 10 4 1
28
5 8 10 12 2 10 9 9 16 2 6 17 12 18 19 6 14 19 7 5 2 20 4 4 7 15 19 18 20 4 17 4 20 12 5 13 9 13 9 17 14 14 2 11 15 9 5 2 13 19 9 18 2 5 18 11
48
1 10 7 2 8 6 9 6 3 8 1 2 6 1 5 2 0 9 9 6 4 2 5 7 8 9 2 3 8 0 0 3 10 1 10 3 5 1 9 6 6 6 5 4 9 5 3 2 5 2 6 0 10 10 1 8 4 6 9 3 5 9 10 6 8 6 8 0 8 4 6 9 3 2 7 4 2 4 6 0 5 1 4 1 5 4 9 9 4 2 8 8 8 9 4 5
20
11 15 20 18 9 15 5 15 13 6 19 5 12 13 10 7 12 7 14 16 13 4 4 17 3 10 7 4 9 17 14 15 14 6 7 4 13 6 3 16
5
2 5 3 8 2 7 2 1 6 4
27
2 4 11 6 16 20 8 2 2 6 13 19 19 18 18 20 18 15 2 4 19 20 20 11 8 11 19 9 3 4 11 19 13 7 13 13 4 3 10 7 14 8 7 10 9 15 6 14 20 14 6 3 20 15
32
9 7 0 0 6 9 5 7 7 9 2 2 6 7 10 5 1 6 7 8 3 3 4 9 7 8 1 4 5 9 6 8 7 2 6 4 8 2 4 4 1 2 8 6 2 5 7 9 3 3 1 2 2 7 7 6 3 9 9 3 10 10 4 1
15
18 18 17 8 7 15 9 18 20 6 3 2 18 12 14 6 12 4 8 14 5 19 17 17 11 17 18 16 17 18
15
10 6 1 2 2 4 3 2 5 0 7 6 0 2 9 8 1 0 3 5 10 6 2 2 6 1 6 3 0 10
40
11 7 10 6 3 11 11 9 18 3 15 10 10 6 9 8 11 18 8 20 3 4 16 14 18 15 10 17 9 15 13 5 15 2 10 6 10 9 11 20 5 19 11 16 9 20 10 16 12 13 5 20 15 15 6 8 9 14 19 14 11 20 14 2 10 18 16 12 11 4 14 4 2 11 17 17 11 20 20 10
18
6 9 4 6 10 6 10 7 5 8 7 8 7 6 3 8 10 9 3 6 1 6 1 9 10 7 0 10 1 7 1 10 5 6 10 2
34
14 8 18 4 9 3 4 14 18 7 3 7 19 4 13 20 13 3 12 13 5 4 14 12 11 19 19 4 2 18 15 8 15 5 8 18 20 16 20 7 15 10 18 6 20 8 7 14 5 5 9 7 6 7 19 4 14 19 12 10 12 9 8 3 11 8 16 13
16
2 7 10 5 8 3 1 2 9 7 0 0 0 2 6 2 0 5 2 4 0 6 0 7 6 7 4 10 9 5 2 5
34
6 8 4 20 6 3 7 15 10 11 16 17 19 14 14 17 8 18 2 4 4 14 10 18 2 14 10 10 8 11 9 13 12 20 6 13 4 10 7 8 15 13 9 12 17 18 5 11 5 13 16 18 2 14 13 8 3 9 16 9 11 7 9 3 13 15 20 17
47
3 4 5 6 7 1 5 1 9 6 1 6 4 10 1 8 2 10 0 0 4 9 0 4 1 7 4 2 8 6 2 2 10 7 9 8 5 4 0 9 9 8 2 0 3 5 5 9 6 10 4 4 10 3 0 2 2 0 0 6 5 2 1 10 0 5 9 9 2 2 4 0 7 9 0 4 3 4 1 0 9 0 10 3 1 10 4 7 7 6 8 9 1 1
25
6 17 6 3 5 16 19 6 7 10 15 9 10 6 4 6 9 13 7 16 10 4 17 2 14 15 14 11 14 7 16 5 12 20 11 7 4 10 11 14 17 11 13 7 15 19 9 9 7 7
48
1 7 10 7 0 4 10 2 6 1 9 6 5 10 6 10 7 0 1 6 4 0 2 2 7 6 6 2 2 2 0 6 0 4 6 3 9 9 4 2 4 6 6 9 9 1 10 7 1 6 7 1 10 9 8 3 10 7 5 10 9 2 7 9 10 9 9 0 8 10 9 0 0 5 7 10 2 6 2 5 7 2 1 4 7 9 2 2 8 6 8 1 9 8 7 2
32
6 8 13 4 5 4 8 3 14 12 20 8 8 10 15 12 14 9 11 2 8 9 19 19 14 20 9 9 11 9 7 9 4 17 6 16 17 2 3 18 13 13 3 7 2 6 11 16 11 16 17 19 11 9 20 17 3 3 9 14 12 17 19 10
40
4 5 2 7 0 7 5 6 10 9 9 2 0 9 0 1 9 2 4 8 2 4 4 6 9 8 8 0 3 9 6 9 5 4 2 8 3 7 4 1 8 3 10 5 6 5 1 6 9 2 6 6 3 1 3 2 5 9 5 9 0 6 4 2 4 10 3 7 3 0 1 8 1 0 9 10 1 6 3 1
24
19 8 12 4 20 12 16 18 17 8 4 9 20 7 4 10 13 12 11 5 6 9 12 6 9 16 20 13 11 7 7 20 6 14 5 9 5 12 12 7 18 5 11 7 15 2 2 10
47
9 1 4 7 0 0 2 0 6 10 10 2 3 10 10 8 1 1 0 8 4 1 10 5 6 1 7 5 2 2 7 7 0 3 10 6 5 1 2 3 9 0 10 8 1 5 2 4 4 6 8 10 0 2 6 1 6 4 1 3 10 7 3 3 5 1 3 10 10 9 7 6 8 5 8 0 6 0 2 5 8 0 4 7 10 4 6 2 1 3 8 3 3 8
36
10 12 5 8 5 7 6 16 12 12 19 11 15 6 16 5 17 12 16 13 6 15 2 6 15 15 4 19 20 12 13 13 19 4 15 11 11 14 15 16 2 4 10 9 4 19 8 18 6 16 10 18 17 7 9 18 7 12 3 19 14 16 5 7 2 7 14 4 16 20 11 14
10
7 5 1 6 1 1 5 2 8 9 3 3 0 4 2 9 10 5 3 6
39
3 16 17 6 7 20 9 3 9 14 3 13 7 4 4 13 12 8 6 16 11 8 17 5 9 5 6 18 18 16 5 7 2 6 17 18 18 7 10 2 5 20 19 2 16 17 13 10 16 16 16 10 14 10 2 7 6 19 7 9 12 17 13 12 20 5 15 9 6 12 10 7 9 7 17 12 4 15
7
7 10 10 2 10 6 3 1 8 3 3 8 4 3
42
20 8 4 14 13 15 18 11 12 12 8 5 17 7 18 16 17 2 17 20 4 3 13 5 15 9 19 17 8 4 8 4 14 14 6 6 18 17 8 4 14 6 18 2 6 17 13 13 14 18 19 9 19 10 5 10 8 6 5 6 7 5 11 5 19 11 4 7 13 12 3 6 9 14 16 12 14 18 10 18 15 11 2 17
25
9 6 0 6 6 3 7 7 4 7 7 3 7 2 3 7 0 6 1 4 0 8 0 8 4 1 2 8 1 4 5 2 9 2 4 8 2 3 1 7 5 3 1 6 6 0 5 9 0 2
45
9 7 12 20 7 10 15 14 12 6 14 10 4 11 5 5 7 8 20 12 20 8 3 14 8 2 5 11 19 3 6 4 5 14 19 2 12 6 15 6 16 19 19 19 4 7 12 15 5 3 19 20 14 16 13 8 12 13 16 4 19 7 13 3 10 17 4 17 17 15 12 14 19 15 11 15 13 8 6 11 16 14 5 3 11 8 19 6 14 13
36
9 6 6 8 9 0 9 10 3 9 7 8 5 4 4 0 7 2 10 9 4 10 3 3 3 5 0 9 3 1 2 1 4 5 4 8 9 0 3 4 2 0 5 1 5 7 3 1 1 0 8 5 6 7 5 4 6 0 1 10 9 3 1 5 0 7 7 0 5 4 3 7
19
17 11 2 9 5 4 18 16 17 7 19 14 19 18 19 11 6 11 5 16 14 17 6 12 19 10 14 10 7 18 4 9 3 6 15 17 20 4
43
3 3 7 7 6 8 0 0 0 5 2 9 3 10 8 6 5 9 10 9 7 5 10 10 2 3 1 7 3 2 6 4 0 10 2 2 4 1 5 6 2 5 3 3 7 10 0 4 9 6 0 4 2 2 3 7 1 3 9 5 2 3 10 0 5 10 4 7 9 6 4 2 6 10 6 5 3 3 8 3 4 5 1 0 5 10
40
5 18 7 10 20 9 13 4 9 7 4 13 11 18 18 5 7 11 11 12 14 17 6 19 20 4 17 13 2 5 6 7 18 2 18 8 20 14 8 3 16 13 4 16 17 6 12 9 17 3 12 9 7 2 10 5 16 2 6 14 3 6 15 19 16 19 12 10 13 6 19 18 14 6 7 6 13 12 10 18
30
0 4 4 4 8 5 10 5 9 8 2 2 9 4 0 6 7 0 1 0 1 8 8 6 2 5 4 9 1 7 2 7 8 5 0 9 8 10 2 3 9 3 4 7 8 2 5 10 8 5 2 8 10 4 5 9 6 4 9 8
30
9 4 3 11 15 20 18 9 13 11 14 15 3 13 6 17 17 4 5 12 6 3 13 17 18 15 2 3 14 13 15 14 12 2 16 12 9 11 18 3 18 8 9 10 18 3 3 3 3 7 4 16 15 17 15 6 18 7 2 13
7
0 0 0 5 8 0 9 6 9 9 6 0 6 6
6
2 10 4 5 10 8 8 10 15 5 20 15
27
7 1 4 10 6 8 4 6 9 6 8 10 2 10 4 5 6 6 5 8 8 2 1 5 8 5 1 6 1 5 5 0 3 3 8 8 10 2 6 5 7 9 9 1 10 3 1 3 3 6 10 1 6 4
13
9 15 2 20 20 7 2 10 15 17 12 7 9 18 8 12 15 19 8 11 6 9 15 8 11 14
40
5 8 6 8 1 4 6 5 6 8 7 2 5 5 6 5 10 3 3 1 1 1 1 0 1 8 3 3 9 5 1 0 3 2 5 7 8 1 6 0 0 7 10 6 5 0 3 5 5 3 9 0 10 5 9 6 9 0 6 6 10 2 9 1 1 1 10 4 1 0 4 5 2 1 9 4 0 4 7 4
49
13 18 18 3 18 13 18 16 13 7 12 12 4 17 13 2 5 4 7 6 17 19 13 5 20 20 18 9 9 11 10 8 18 3 2 18 11 4 2 10 16 19 13 16 3 5 9 8 8 5 5 8 15 14 15 7 7 12 16 17 20 13 8 16 14 12 3 8 2 17 13 9 3 12 11 9 15 16 15 10 10 3 17 2 13 12 9 15 11 5 11 3 8 17 9 10 16 13
37
9 7 3 3 2 6 4 3 8 10 0 0 0 8 8 7 0 7 3 7 3 9 10 5 10 4 2 7 5 0 10 0 2 10 2 2 1 1 0 5 5 6 10 8 9 7 2 3 8 0 2 4 0 2 7 0 4 0 3 5 7 7 0 2 2 5 1 2 1 2 0 1 1 2
22
15 14 10 14 10 20 19 9 9 7 4 12 10 20 15 18 11 8 12 16 18 17 14 11 8 3 5 19 13 11 4 8 9 9 6 11 14 7 5 15 20 19 15 12
10
4 3 4 2 5 3 7 2 10 8 8 9 10 4 4 7 8 2 7 0
27
5 5 2 2 18 4 11 10 10 5 11 7 19 15 20 19 19 4 13 18 7 8 4 10 13 8 7 14 7 19 2 18 15 17 2 19 9 8 19 18 20 19 5 10 7 4 9 12 10 2 19 3 4 5
7
10 7 9 9 5 7 3 3 6 3 8 4 9 8
48
17 8 20 16 9 7 6 19 10 11 17 9 16 9 10 11 5 13 20 13 19 3 8 4 5 19 10 2 15 8 18 14 2 7 3 16 20 19 18 20 15 5 5 8 16 12 3 18 19 2 9 2 13 19 5 14 20 13 12 14 20 13 5 17 20 20 15 4 20 18 7 12 10 15 20 8 6 4 10 20 3 3 20 9 10 11 12 16 7 16 14 19 14 17 16 8
42
6 7 9 2 8 6 0 9 5 0 9 2 5 0 1 6 0 7 0 2 4 3 3 9 0 6 1 2 6 2 4 8 2 5 8 7 10 6 8 7 7 2 4 8 0 9 9 4 1 7 8 7 4 1 4 9 5 1 7 10 4 4 1 7 2 0 0 5 5 9 6 2 2 1 6 3 1 0 8 1 9 9 10 5
43
13 7 16 7 16 5 10 9 8 3 3 6 4 6 8 9 20 18 4 8 19 3 17 2 2 9 5 12 12 7 12 8 13 5 5 19 5 11 17 6 4 3 14 17 14 12 16 5 3 11 16 5 3 6 15 8 14 2 18 6 16 8 4 20 18 6 13 12 20 14 8 18 17 19 7 17 15 19 11 16 3 20 12 4 7 2
0